5
Accion
Comedia
Drama
Terror
Documental
50
70735 Accion
87374 Comedia
99443 Drama
31402 Terror
2191 Documental
30206 Accion
52881 Comedia
98659 Drama
70597 Terror
60321 Documental
11370 Accion
44634 Comedia
19766 Drama
46208 Terror
51018 Documental
86038 Accion
59556 Comedia
35281 Drama
34561 Terror
84781 Documental
89004 Accion
82887 Comedia
17020 Drama
19231 Terror
64058 Documental
14107 Accion
99055 Comedia
351 Drama
29603 Terror
46398 Documental
83399 Accion
338 Comedia
33771 Drama
99193 Terror
31739 Documental
52313 Accion
29399 Comedia
971 Drama
50972 Terror
16347 Documental
61292 Accion
78693 Comedia
60981 Drama
97409 Terror
24900 Documental
11998 Accion
83446 Comedia
84456 Drama
63630 Terror
34358 Documental
10000
52313 4
97409 2
86038 3
19766 2
31402 3
89004 2
2191 3
83446 5
2191 5
51018 3
61292 3
84781 3
86038 2
84781 4
29603 2
17020 1
29399 4
82887 4
89004 2
99055 1
31402 2
46398 5
61292 1
31402 2
84781 3
64058 2
14107 1
31739 3
34561 1
30206 2
70597 4
44634 5
83446 1
34358 4
82887 1
83446 2
19231 1
52313 4
70735 4
19766 2
98659 4
31739 5
99193 4
351 3
99055 5
70735 5
19766 3
338 1
34358 1
338 1
52881 3
83446 2
99443 2
84456 5
82887 5
351 4
84456 4
46208 3
33771 3
29399 1
99055 3
24900 2
87374 3
31402 1
70597 5
89004 2
46208 4
84456 3
87374 5
19231 3
31402 1
99443 3
51018 3
52313 4
60321 2
11370 4
70597 2
46398 2
31739 3
44634 3
84781 4
70597 3
87374 1
70735 5
99443 4
29603 3
99055 2
11370 3
70735 3
60981 3
34561 3
70735 5
70597 2
61292 3
86038 3
29399 5
971 5
84781 5
99443 2
11998 5
24900 5
46208 3
98659 4
59556 3
17020 4
84781 2
11370 2
17020 2
99443 3
86038 4
59556 3
2191 5
83446 4
11998 1
24900 1
52881 2
59556 1
86038 4
11998 3
338 4
61292 3
44634 4
64058 4
64058 4
84456 5
83446 2
97409 2
17020 1
99055 3
60981 2
60321 5
51018 2
82887 5
34358 2
44634 3
29399 3
52313 3
98659 2
33771 2
78693 1
17020 4
83446 2
78693 4
70597 5
971 3
60981 2
87374 2
64058 3
29399 5
78693 5
70597 3
31402 1
351 1
52881 5
97409 1
78693 2
50972 5
31739 2
60321 5
70735 2
83446 1
11998 1
87374 2
64058 5
11998 1
16347 5
11998 5
87374 5
30206 1
52313 4
11370 3
59556 1
34561 1
338 4
83446 4
99055 4
29603 4
97409 3
11998 5
82887 3
52313 3
63630 3
98659 1
70597 5
11370 4
19766 1
89004 5
89004 5
338 4
84781 4
50972 1
19231 3
84781 4
87374 2
971 5
70597 5
16347 3
52881 2
98659 2
11370 3
11370 5
16347 1
30206 5
82887 3
51018 1
35281 3
50972 3
82887 5
11370 3
14107 3
84456 4
17020 2
61292 1
31739 3
84456 2
59556 5
17020 1
16347 4
59556 4
35281 1
30206 2
99193 4
29603 2
2191 4
46398 5
971 4
46208 2
59556 1
24900 3
30206 4
63630 2
99443 3
46398 4
70735 1
52881 3
29603 5
30206 4
98659 4
84781 5
19231 1
97409 2
83399 4
64058 2
51018 4
63630 5
44634 4
60981 4
82887 2
98659 4
84781 1
97409 3
46398 4
19766 5
33771 2
31402 1
31739 2
34561 5
30206 4
44634 5
44634 2
61292 1
19766 3
50972 4
2191 3
52881 4
46208 2
17020 3
70735 2
338 3
35281 2
16347 4
99193 4
34561 1
87374 2
44634 5
60981 2
16347 5
99193 4
16347 5
351 4
51018 1
34358 4
99193 5
64058 2
99193 5
31402 4
84456 4
99193 1
83399 5
63630 2
70735 2
60981 1
84456 3
89004 3
84781 5
971 4
61292 2
64058 1
50972 4
97409 2
60981 4
24900 3
29399 3
60321 2
46208 4
60321 2
87374 4
70597 4
99193 1
971 3
46398 5
971 5
44634 2
24900 5
11370 4
17020 5
50972 5
63630 1
83446 4
97409 3
34561 1
29603 5
70597 4
35281 2
34561 3
97409 3
338 2
35281 5
24900 4
11998 2
31402 4
46208 3
971 2
84781 1
82887 5
34358 5
84781 5
11370 4
35281 1
82887 1
971 3
52313 4
70735 3
86038 5
35281 1
87374 4
83399 2
35281 3
351 4
30206 2
99443 5
60981 5
31739 4
2191 2
52313 1
16347 3
60981 5
60981 3
29603 3
16347 1
34561 3
89004 4
70597 3
34561 3
351 4
61292 1
46398 4
2191 4
50972 4
86038 4
52313 2
11998 1
83399 3
64058 4
84456 4
30206 3
98659 2
35281 1
86038 1
30206 4
11370 1
14107 1
83399 2
31402 1
78693 1
97409 2
99055 1
70597 4
83399 4
59556 3
63630 3
24900 2
70735 2
19231 3
34358 4
19766 2
99055 3
87374 4
34561 3
46398 2
46398 3
50972 2
86038 2
59556 1
338 4
64058 1
98659 1
29399 3
99193 2
99055 3
61292 5
83446 4
99055 3
29603 3
2191 3
70597 2
33771 4
60981 3
84456 4
24900 4
97409 1
70597 1
61292 2
60321 4
70597 2
70597 1
14107 5
89004 4
31402 4
99443 1
52881 2
83446 4
44634 1
971 4
70735 4
971 5
31402 3
83446 4
24900 2
34561 5
24900 4
2191 5
31739 5
64058 4
17020 3
70735 1
61292 2
34561 2
29399 3
19766 2
61292 2
33771 4
63630 2
50972 5
971 3
63630 2
971 5
99443 3
29603 4
19766 4
30206 3
99193 3
70597 5
34358 2
44634 2
31739 5
19766 5
84456 3
70735 2
60321 3
11998 3
89004 3
51018 5
2191 3
99443 4
84456 1
83399 2
98659 1
52313 4
29399 4
82887 2
99443 4
61292 3
63630 1
61292 3
46398 1
59556 2
84781 1
351 5
14107 5
24900 3
78693 1
30206 2
86038 3
60321 3
78693 2
14107 1
59556 3
84456 5
60321 3
19231 4
64058 1
78693 5
89004 4
89004 1
84456 5
89004 2
78693 1
60981 3
34561 2
44634 2
31739 4
52881 2
30206 2
35281 5
11998 2
2191 3
338 1
59556 4
46208 4
87374 3
99443 2
31402 5
83446 3
31402 2
87374 2
351 1
2191 2
50972 2
24900 2
14107 2
34358 2
46208 3
99055 5
52313 2
35281 4
30206 3
60321 2
34561 4
70597 2
99055 2
971 2
84456 4
60981 3
2191 4
11998 2
46398 5
19766 4
29603 1
64058 2
99193 3
2191 4
59556 2
34358 5
99055 1
30206 3
82887 5
70597 1
971 3
70597 4
61292 4
64058 1
70735 4
46208 1
29603 3
83446 2
338 2
87374 3
35281 4
338 4
46208 4
84456 5
31739 2
98659 2
70597 1
51018 2
89004 1
82887 3
29603 2
31402 2
14107 5
84781 3
99443 4
52881 2
99055 1
59556 5
29603 5
14107 4
17020 3
29399 1
34358 4
338 3
97409 5
83446 3
61292 2
83399 2
31402 1
14107 1
14107 2
46398 2
82887 1
60981 3
44634 3
35281 4
99443 1
59556 4
70597 5
14107 3
2191 5
99055 2
14107 2
19766 4
70597 5
29399 4
82887 1
31739 5
19766 2
63630 5
83446 1
98659 4
19231 1
87374 2
14107 5
52313 5
30206 2
351 1
34561 3
44634 4
338 3
19766 5
51018 2
34358 2
14107 5
99443 2
86038 1
82887 4
52313 5
82887 3
31402 3
97409 1
89004 2
78693 1
46208 3
84781 5
87374 2
34358 3
46398 1
97409 5
34358 2
351 2
70597 4
52881 1
19231 1
11370 4
971 4
16347 5
64058 3
70735 5
29399 2
29399 3
2191 3
2191 4
971 5
61292 4
84456 5
30206 3
34561 4
30206 4
97409 1
82887 3
34561 3
24900 1
24900 5
31739 1
35281 1
35281 2
98659 4
52881 2
14107 4
52313 5
34561 3
33771 4
98659 5
338 2
2191 3
52313 5
35281 5
84781 2
14107 2
60981 3
99055 2
86038 2
971 3
31739 3
17020 2
29399 1
46208 1
29603 4
60321 5
99055 1
51018 2
61292 2
78693 5
24900 4
86038 2
44634 5
63630 2
33771 1
70735 2
34358 4
50972 3
86038 4
11370 5
29603 5
30206 5
52313 2
59556 3
2191 5
29399 5
351 5
52313 4
63630 1
35281 3
17020 5
70735 4
24900 1
44634 1
24900 4
52881 5
24900 2
46398 2
52313 1
70597 5
2191 1
50972 2
87374 2
17020 2
46208 2
99193 4
11370 4
44634 1
64058 5
35281 1
84456 4
24900 3
31739 4
19231 2
89004 3
44634 2
46398 2
11370 1
46398 3
338 4
14107 5
338 1
34358 5
60981 1
84781 2
84456 4
31739 3
11370 2
35281 2
60981 1
89004 1
59556 5
98659 2
338 2
11370 3
338 1
29603 3
19231 5
60321 3
30206 4
46398 3
83446 4
83446 5
29399 2
11998 5
52881 3
31739 3
59556 4
87374 5
83399 2
44634 4
84456 2
29603 1
17020 3
971 3
86038 2
33771 4
33771 4
17020 4
24900 5
34358 3
29399 2
14107 5
46398 2
31402 2
16347 2
14107 2
98659 1
52881 3
60981 2
60321 5
51018 4
17020 2
64058 3
35281 1
34561 4
19231 1
2191 1
60321 2
29603 1
34358 3
338 2
2191 2
338 3
19231 4
70597 5
31739 4
29603 3
82887 3
52881 4
17020 5
98659 1
46398 4
11998 2
34358 1
52881 2
97409 5
351 3
83399 5
60321 1
31739 1
61292 5
97409 4
29603 5
17020 5
30206 5
11370 3
60981 3
351 5
52313 3
86038 4
29603 4
33771 3
98659 1
59556 2
89004 4
29399 3
17020 2
83399 3
83446 5
29399 4
87374 4
86038 1
61292 5
31739 1
19231 2
34561 4
44634 4
44634 4
34561 3
971 1
83399 1
31402 5
60321 1
52881 3
61292 5
11370 2
97409 3
50972 1
82887 5
46208 1
99055 4
63630 5
29399 5
70597 2
16347 3
84456 5
64058 1
99055 4
52313 3
61292 3
46398 1
89004 5
351 4
60321 5
99193 5
24900 2
70597 3
70735 2
2191 1
31402 4
98659 3
51018 5
2191 1
35281 5
14107 1
84781 5
11370 5
29603 1
70735 5
78693 4
51018 1
83446 3
46398 2
34561 4
98659 4
99055 2
351 2
70735 2
99193 1
19231 4
83399 3
19766 1
99193 3
33771 4
33771 4
59556 2
70597 3
89004 1
44634 1
14107 1
51018 3
29399 4
11998 5
14107 4
60321 4
16347 5
60981 4
338 1
83446 5
60321 4
971 3
99055 4
60981 2
61292 4
29399 1
19231 3
84781 5
83446 5
70735 4
11998 5
82887 5
63630 4
971 1
50972 1
83446 5
86038 4
351 2
99193 5
971 4
17020 2
16347 1
83399 4
52881 2
14107 3
87374 3
34561 5
70597 3
971 3
34358 4
99193 1
46398 4
83399 2
61292 5
14107 5
16347 5
98659 4
83446 4
16347 1
59556 2
51018 4
50972 3
60981 4
87374 3
11998 1
19766 4
84456 2
46398 1
63630 2
83446 1
70735 1
351 4
59556 4
63630 3
29603 5
19231 3
33771 4
351 1
44634 4
98659 4
338 5
16347 4
19766 4
11370 3
16347 2
50972 2
24900 3
87374 1
61292 5
35281 2
51018 3
86038 2
30206 3
19231 4
82887 1
99055 5
87374 1
33771 2
52313 1
29603 2
87374 4
34561 1
52313 2
98659 2
82887 5
34358 3
34561 5
99193 1
60321 3
97409 3
16347 3
29399 4
16347 1
44634 3
86038 5
31402 3
70597 4
51018 1
11998 3
19231 2
63630 3
31402 3
16347 4
24900 4
84456 1
83399 5
51018 2
31739 1
29399 1
33771 3
29399 2
82887 2
44634 3
60981 2
44634 1
64058 3
61292 3
338 5
34561 1
351 3
86038 5
52881 5
14107 3
52313 4
971 3
35281 5
30206 4
89004 3
29603 5
14107 5
83399 1
87374 1
46398 3
87374 3
11370 1
86038 1
16347 4
30206 2
59556 3
46398 1
44634 3
46398 3
971 3
29399 1
59556 2
98659 4
46208 1
89004 4
11998 2
60981 1
31402 5
83399 3
99193 3
70597 2
46398 1
52881 2
16347 4
11370 2
60981 4
24900 4
60321 4
60321 4
46208 5
34561 1
31402 1
86038 2
89004 2
87374 1
52313 2
52881 3
31402 5
70597 3
2191 1
82887 2
34561 1
98659 5
89004 2
99443 1
84456 3
83446 3
99193 2
60321 4
60321 3
70597 1
19231 2
51018 3
83399 3
82887 1
24900 3
99193 3
60321 1
78693 5
70597 2
86038 2
34561 2
70597 2
64058 5
52881 2
338 2
338 3
33771 3
29399 1
84781 3
99443 4
99443 1
351 2
29603 4
97409 2
51018 4
60981 1
82887 4
29399 1
17020 1
338 2
44634 5
86038 5
44634 2
44634 3
11370 4
84456 3
70735 5
99055 4
11998 5
86038 2
351 5
83446 1
19766 1
84456 1
83399 2
97409 4
84456 4
16347 2
60321 1
97409 2
86038 4
29399 2
84781 3
24900 5
338 2
99055 1
82887 5
11370 4
60321 5
89004 2
61292 4
52313 4
82887 5
34358 3
351 5
2191 3
971 1
70597 3
99443 1
19231 1
59556 5
11998 3
64058 3
82887 1
59556 4
46398 5
98659 5
84456 4
61292 4
44634 5
60981 3
19766 3
98659 3
78693 2
351 5
83446 5
51018 4
99193 1
99443 2
351 1
70735 2
46398 3
17020 4
971 1
99055 1
31739 2
35281 2
31402 2
82887 5
971 4
70597 4
24900 5
29603 4
59556 1
31739 5
87374 2
70735 1
11998 1
44634 1
61292 3
52313 5
11370 1
19231 4
338 5
60321 5
24900 1
2191 5
83446 4
84781 4
46208 1
98659 2
60981 5
84456 5
31739 1
64058 5
84456 1
87374 1
86038 2
14107 2
17020 1
35281 2
98659 3
30206 4
30206 5
34561 1
83399 1
971 5
971 2
46208 2
83446 4
63630 1
70735 2
30206 3
351 2
46208 2
34561 4
35281 3
30206 4
33771 3
34358 2
31739 2
29603 2
30206 1
98659 2
16347 1
60321 5
87374 5
61292 4
99055 5
78693 2
89004 2
99055 5
61292 4
51018 4
11998 5
64058 1
84456 3
31402 1
89004 4
99055 5
34561 3
63630 2
63630 1
33771 2
44634 4
84781 4
971 2
17020 3
46398 3
70735 3
31402 2
98659 3
338 3
98659 2
14107 1
19766 5
17020 1
86038 1
99443 5
63630 1
19231 4
63630 1
59556 3
16347 1
44634 3
17020 2
34561 2
84781 5
24900 4
99443 2
51018 5
86038 2
99055 4
60321 4
33771 5
11998 3
351 4
84781 4
34561 5
78693 5
87374 1
63630 2
34358 3
82887 4
84456 4
51018 2
61292 3
70735 2
35281 2
11998 2
89004 1
60321 4
29399 4
97409 2
16347 5
971 1
70735 1
19766 5
2191 1
24900 3
11370 1
46208 1
24900 4
35281 2
99055 5
46208 3
52881 5
84456 5
99443 1
70735 5
351 4
31739 5
19231 4
83399 4
52313 2
83399 2
50972 1
63630 4
44634 3
83446 3
99193 2
31739 1
52313 4
29399 1
99055 5
31739 4
351 1
31739 3
82887 5
33771 2
60981 5
2191 1
11370 4
46208 4
17020 3
11370 2
14107 3
63630 2
83399 5
31402 2
19231 5
44634 3
60321 1
98659 1
44634 2
16347 4
52881 4
31739 4
63630 5
78693 2
46208 4
46398 5
70735 3
70735 2
46208 1
16347 5
24900 2
78693 1
63630 1
29399 1
60981 3
86038 4
89004 5
34561 5
87374 5
60981 5
19766 2
30206 1
63630 3
63630 4
19766 3
99443 2
61292 2
51018 5
83446 1
87374 4
351 2
50972 5
34561 2
89004 2
35281 3
971 3
52313 4
84456 1
70735 1
34358 4
31739 2
82887 1
84456 1
51018 2
971 3
31739 2
99193 1
59556 4
99193 4
64058 2
87374 3
52313 4
30206 3
64058 1
46398 1
89004 4
99055 5
61292 2
46398 5
64058 5
19231 4
971 3
52313 4
11370 5
60981 3
17020 1
34358 3
52313 5
78693 5
44634 1
31739 3
52313 4
29603 2
78693 5
33771 1
29603 2
14107 2
86038 4
82887 3
33771 1
51018 5
19766 1
44634 4
84781 5
60321 4
99055 2
35281 2
44634 1
16347 5
2191 5
82887 1
83399 2
87374 3
60321 5
99055 4
61292 2
84456 5
52881 1
99443 4
59556 5
46208 3
11370 1
2191 4
351 1
351 2
84781 4
59556 2
83446 5
63630 2
83446 1
87374 4
34561 2
60981 2
44634 3
52881 4
44634 5
17020 4
87374 2
83446 4
17020 4
19766 4
19231 4
11998 5
70735 4
351 2
89004 5
31739 4
83399 4
35281 4
14107 4
19231 4
11998 2
44634 4
64058 5
351 4
31739 5
60981 3
84781 3
351 2
33771 5
84781 4
99193 4
97409 1
33771 1
60321 5
29399 3
63630 4
83399 2
338 1
82887 1
31402 3
87374 1
86038 4
33771 3
24900 1
83446 5
89004 3
84781 4
84456 4
99055 4
46208 5
97409 4
84456 4
99055 1
29603 5
78693 5
98659 3
46398 3
35281 5
59556 3
338 5
99055 2
83446 3
59556 2
87374 3
52881 2
70597 5
46398 1
19231 3
50972 4
98659 5
971 5
19231 5
50972 2
99193 5
30206 2
89004 4
35281 5
83399 4
86038 2
29603 2
34358 2
19231 1
24900 2
50972 3
87374 1
46208 2
44634 4
11370 2
46398 1
98659 2
44634 3
84781 1
83446 1
86038 4
99193 1
971 1
33771 1
86038 4
70597 4
11370 5
70735 1
70735 2
46208 3
51018 1
60321 2
338 1
34358 2
99443 1
31402 4
60321 4
46208 2
14107 3
52881 2
14107 2
24900 3
14107 3
19766 4
11370 4
60981 1
19231 3
83446 5
17020 1
98659 3
97409 3
11998 5
31402 1
70735 4
70597 4
82887 1
64058 4
14107 2
86038 5
338 1
35281 5
70735 3
99055 5
34358 1
83446 4
351 5
82887 3
97409 2
52313 1
52881 1
31402 4
33771 5
83446 3
99193 2
34358 5
50972 4
50972 2
44634 5
61292 1
86038 2
34561 5
29603 2
84781 4
84781 5
84781 2
34358 5
2191 4
2191 3
78693 3
86038 3
87374 4
11370 3
24900 2
52881 2
99193 4
14107 3
34561 4
11998 3
99055 1
97409 1
97409 5
17020 5
351 2
87374 1
86038 2
19766 4
82887 4
11370 2
83446 5
2191 1
24900 5
31739 3
31739 5
87374 2
83446 2
70597 5
61292 1
50972 1
70597 2
61292 1
98659 4
83446 2
29603 4
84456 5
351 4
2191 3
99193 1
29399 3
89004 1
83399 4
50972 5
70597 2
82887 4
87374 3
61292 2
60321 5
83446 1
83399 2
51018 5
87374 4
99193 3
35281 2
70735 2
52313 1
83446 2
50972 2
98659 4
35281 1
84456 4
51018 5
19766 5
50972 1
46398 5
971 1
70735 1
16347 4
84456 4
34358 5
51018 3
84781 3
31402 1
34358 3
11370 2
60981 3
971 5
63630 5
99193 3
60321 5
70597 2
11370 4
29399 2
60981 2
44634 4
52313 2
33771 3
50972 3
84781 5
34358 5
52881 5
16347 1
31402 3
24900 4
99055 1
99443 2
2191 5
11998 3
35281 5
83399 5
31739 4
30206 3
14107 1
2191 2
52313 2
351 4
99443 2
50972 1
52881 5
97409 5
16347 3
82887 1
19766 4
50972 2
60321 4
11370 4
29399 3
19766 4
46208 5
60321 1
14107 3
97409 3
30206 4
31739 4
84781 5
63630 4
99055 2
52881 1
16347 5
17020 4
19766 3
97409 2
99443 2
51018 3
14107 2
35281 3
86038 3
46398 3
84456 1
29399 2
24900 2
99055 1
98659 3
44634 2
99055 1
83446 2
84781 5
60981 2
11998 4
50972 3
29399 3
64058 4
82887 1
99055 4
89004 3
31739 5
63630 4
971 3
11998 1
31402 5
52313 5
86038 5
50972 5
29603 2
84781 2
70597 2
99055 1
60321 3
61292 3
34561 4
34358 5
46398 5
35281 2
52881 1
59556 2
16347 2
19766 5
70597 4
86038 2
16347 5
2191 5
61292 1
31739 3
83399 3
16347 1
61292 2
2191 5
60981 5
50972 2
16347 5
19766 4
70597 1
31739 4
29603 5
2191 5
99193 1
34561 2
97409 1
29603 4
33771 5
14107 3
11370 5
97409 4
30206 2
2191 5
50972 4
64058 4
11998 4
59556 1
60321 3
24900 1
33771 1
82887 1
89004 2
63630 3
89004 1
99055 2
30206 2
29399 1
31402 1
98659 4
11370 2
78693 2
60981 3
338 2
46398 4
63630 2
97409 5
16347 1
17020 5
84781 4
86038 1
99055 3
34561 3
31739 4
2191 2
59556 5
14107 3
17020 5
59556 2
17020 3
31739 2
44634 5
61292 1
24900 1
16347 4
70597 5
11370 2
99055 4
63630 4
99443 5
2191 1
89004 2
29603 4
70735 2
87374 4
83446 1
24900 3
59556 2
60321 1
87374 4
14107 2
30206 1
84456 4
86038 3
83446 5
87374 4
61292 5
31739 4
84781 1
59556 1
11370 3
98659 2
82887 4
60981 1
52313 2
46398 1
98659 2
84456 3
82887 3
2191 4
33771 2
19231 5
33771 3
24900 2
24900 1
82887 2
14107 4
19766 2
31402 1
351 4
31402 4
70735 1
24900 3
35281 1
44634 5
52313 1
33771 4
84781 5
34561 4
86038 5
99055 4
82887 2
59556 4
84456 2
61292 5
60321 4
33771 5
52881 4
70597 1
24900 5
34358 2
35281 4
61292 4
84456 1
99443 3
64058 4
70735 1
46398 4
338 4
16347 4
31402 1
84781 3
44634 1
59556 5
99443 3
78693 5
97409 4
971 1
83446 1
11998 1
34358 1
83399 3
35281 2
17020 1
61292 5
64058 1
51018 4
31739 2
89004 1
11998 5
51018 4
29603 1
83446 4
11998 1
30206 2
11998 5
46208 4
70597 3
16347 2
99193 5
11998 5
99055 5
99443 2
971 5
46208 1
63630 4
19231 5
50972 3
84456 1
35281 3
29603 5
70597 2
60981 3
99055 3
70735 5
46208 1
89004 1
52881 3
87374 5
63630 2
46398 4
24900 5
351 5
99055 2
17020 4
83399 1
11370 2
24900 5
70597 1
29399 4
338 3
30206 2
60981 2
14107 1
98659 4
44634 4
19231 4
97409 4
24900 5
46398 2
86038 3
35281 3
31402 4
338 4
99193 1
82887 2
17020 4
35281 5
16347 5
44634 5
84781 5
971 3
33771 3
11998 3
2191 3
97409 2
16347 3
63630 5
14107 5
98659 1
34358 1
99055 4
70597 1
971 5
78693 1
63630 1
14107 4
30206 3
89004 1
29399 5
46398 3
84456 1
24900 1
51018 3
351 4
31739 4
31402 4
99443 4
70597 2
46208 3
60981 4
19766 5
87374 5
29603 3
17020 1
63630 2
84456 2
64058 4
97409 4
35281 1
51018 3
34358 5
86038 2
99193 1
24900 4
351 2
44634 3
30206 1
44634 5
971 4
87374 3
52313 1
52313 2
97409 2
87374 4
87374 1
86038 3
52313 1
30206 1
98659 1
89004 1
50972 2
46398 2
83446 1
33771 1
64058 4
14107 2
99193 3
17020 4
97409 4
78693 3
78693 2
87374 4
50972 3
63630 2
60321 1
99193 5
87374 3
11998 1
2191 3
971 1
11370 5
78693 1
351 1
64058 3
78693 1
82887 3
64058 4
11370 5
33771 1
19766 2
33771 1
60981 4
60321 4
52313 5
86038 1
24900 4
78693 4
19231 4
30206 5
97409 2
35281 5
83399 2
971 3
98659 5
2191 1
19766 2
35281 1
17020 5
11998 5
97409 3
31739 5
60981 2
46398 2
83446 1
35281 2
338 5
52881 5
351 1
52881 1
35281 4
98659 5
34358 5
29399 2
31402 4
338 4
83446 3
61292 4
11998 5
52881 5
2191 5
52313 4
11370 2
99443 1
971 1
14107 5
19231 5
52313 4
70597 5
83446 5
98659 5
19766 1
84456 3
24900 5
64058 3
50972 4
29603 5
34561 2
35281 3
338 5
99193 4
11370 4
60981 4
99193 3
17020 1
59556 2
44634 2
971 1
52313 4
30206 5
971 4
61292 4
35281 4
60321 1
338 1
78693 2
63630 5
64058 3
99443 4
24900 2
61292 2
60321 2
24900 4
19766 5
99193 5
16347 2
19766 2
16347 3
16347 1
84781 1
61292 3
29399 1
59556 4
33771 1
19231 2
63630 4
16347 4
59556 4
52881 1
46208 3
34358 5
46208 5
52313 5
63630 2
2191 3
34358 2
46398 3
29399 4
70735 4
34561 4
83446 5
50972 2
351 3
84781 1
971 5
351 5
61292 3
30206 3
83446 4
2191 3
89004 4
63630 2
61292 2
87374 4
2191 3
34561 4
78693 3
16347 1
59556 1
30206 1
84456 1
24900 5
351 5
35281 2
2191 4
29603 2
29603 5
29603 1
86038 2
46208 3
31402 3
14107 2
78693 2
59556 3
29603 3
19766 3
60321 5
35281 2
11370 2
51018 1
44634 4
78693 5
64058 2
60321 2
31402 1
46208 4
60321 1
30206 1
70597 2
60321 3
11998 4
59556 5
33771 4
97409 4
82887 3
11370 3
99443 2
82887 2
14107 4
34561 4
70597 4
29399 3
64058 4
84781 5
86038 1
82887 3
31402 4
35281 2
19231 3
338 1
84781 2
46398 3
24900 2
70735 5
29399 1
84456 5
2191 2
46208 1
46398 5
51018 2
51018 2
60321 3
99055 4
30206 2
61292 4
63630 2
46398 4
52313 2
338 2
11998 3
52881 1
46208 3
99193 4
60981 3
19766 3
44634 4
11998 3
84456 4
70735 4
64058 3
78693 1
31402 4
31402 2
34358 2
351 5
31402 1
78693 4
63630 5
83446 1
16347 4
34358 1
50972 5
64058 1
35281 5
61292 5
34561 3
84781 4
98659 5
51018 2
11370 4
99443 1
338 2
99193 5
89004 5
82887 2
16347 2
46208 5
86038 3
51018 1
44634 1
46398 2
16347 1
30206 2
64058 2
2191 2
86038 4
87374 2
2191 2
351 3
35281 4
50972 4
82887 3
971 5
16347 2
64058 4
70597 4
31739 5
31402 2
84456 5
86038 2
86038 3
19766 4
29603 4
52881 3
11998 4
98659 2
338 5
50972 4
34561 5
82887 5
31739 3
84456 2
338 3
19766 5
338 5
33771 4
44634 5
34561 2
46208 5
63630 1
84456 4
63630 1
16347 4
70735 5
34561 2
31402 3
31402 1
19231 1
2191 4
59556 1
35281 4
52313 5
97409 4
89004 4
351 2
89004 2
46398 5
52881 4
98659 2
46398 3
46398 3
33771 1
31739 1
17020 4
11998 4
14107 1
29399 1
83446 2
86038 4
16347 3
16347 3
34561 1
338 2
61292 1
33771 5
34561 4
31402 1
63630 3
98659 3
351 1
11370 3
89004 3
51018 4
83399 5
29399 1
19231 4
33771 2
70735 1
84781 2
98659 4
19766 1
35281 4
351 3
30206 3
61292 4
60981 3
971 5
87374 5
33771 3
99193 1
2191 5
63630 2
99443 5
31402 3
60981 1
14107 2
50972 5
64058 3
19766 3
2191 5
86038 4
52881 5
51018 4
70597 2
61292 5
84781 5
31402 3
33771 1
34561 3
46398 1
34358 1
84781 5
87374 1
98659 1
351 4
84781 3
51018 4
34358 4
29399 3
351 4
31402 2
64058 4
86038 4
59556 5
11998 1
83446 2
99443 3
29399 5
46208 1
84781 1
70597 2
52313 5
84781 5
30206 1
97409 3
52313 3
83399 5
98659 3
84781 4
338 5
84781 1
19766 2
84456 4
351 1
97409 5
87374 5
61292 2
83399 5
89004 1
59556 1
84781 2
51018 2
19766 3
34358 2
11998 1
84456 2
19766 5
61292 1
70597 5
89004 4
34561 2
60321 4
60321 1
35281 2
351 4
84456 3
31739 4
63630 4
52313 3
46398 4
83399 2
87374 5
29399 2
2191 2
44634 1
87374 5
63630 4
50972 1
31402 3
78693 1
78693 1
46398 3
2191 1
99055 2
46398 3
99055 5
31739 4
52881 3
84781 1
89004 3
971 4
51018 4
29399 5
63630 2
44634 2
64058 5
33771 4
31739 4
99193 3
338 4
84781 4
64058 1
50972 1
46398 5
97409 2
60981 1
14107 2
34561 4
11370 4
30206 4
11370 5
83399 5
33771 5
31739 4
99055 1
338 3
14107 3
30206 4
61292 5
19231 4
50972 3
46208 4
14107 5
99055 3
99443 4
11370 5
19766 1
70597 3
52881 5
86038 5
19766 4
33771 3
30206 3
31402 1
19231 4
29603 2
11998 5
64058 3
29603 4
60321 3
50972 2
84456 2
19766 3
63630 1
99443 1
30206 5
46208 3
31402 1
99055 2
34561 5
29399 4
44634 2
24900 3
31402 3
60981 5
98659 2
29399 5
31739 1
44634 3
89004 4
34358 1
46398 5
51018 4
29399 1
78693 2
61292 4
30206 4
44634 2
60981 3
99055 1
338 4
34561 3
971 3
35281 1
29399 4
59556 3
86038 1
87374 1
83399 3
89004 3
24900 3
99443 2
86038 4
2191 1
83399 1
11998 5
46208 1
338 3
35281 2
30206 1
78693 2
60981 2
34561 1
29399 2
33771 3
14107 4
82887 3
338 3
60981 2
84456 4
34561 5
16347 5
44634 1
29399 1
19231 4
52313 5
51018 5
82887 1
64058 5
29399 4
34561 2
16347 1
61292 1
46398 3
70597 4
98659 5
17020 2
46208 1
84781 2
86038 3
11998 1
98659 2
338 1
83446 1
16347 5
46208 4
11998 3
63630 3
14107 3
89004 1
30206 3
51018 5
99055 5
51018 1
338 2
971 4
338 2
16347 3
99055 4
84781 4
17020 3
99055 1
971 2
98659 5
30206 3
34358 3
98659 2
97409 4
84456 5
29603 4
61292 3
70597 4
51018 4
52313 3
29399 2
19766 4
61292 1
83399 3
59556 4
78693 4
86038 4
52313 3
44634 4
30206 4
16347 1
16347 5
31402 3
99443 5
84456 5
44634 1
11998 2
83446 2
59556 2
86038 1
51018 5
70597 3
99443 2
2191 1
99055 3
19231 2
84456 5
11998 3
51018 4
82887 2
971 1
84456 1
44634 4
82887 3
82887 4
51018 2
84456 4
34561 2
82887 5
59556 3
29399 3
46208 2
70597 2
50972 3
60321 3
31739 4
84456 4
52313 1
29603 4
16347 5
84456 5
971 5
46398 3
83446 1
33771 5
84456 1
70597 4
52881 3
64058 3
16347 1
44634 1
52313 1
70597 2
89004 4
46398 5
61292 4
86038 3
19231 5
52313 2
83446 3
971 2
16347 2
60321 4
46208 4
84456 3
34561 4
29603 1
34561 4
99055 4
351 4
34358 3
29399 3
83446 2
46208 2
31739 1
70735 3
52881 1
34561 1
61292 2
70735 3
52313 1
11998 1
14107 1
2191 5
31402 4
19766 5
70735 1
19231 4
51018 3
83399 4
34358 3
89004 1
64058 1
17020 5
19231 5
87374 5
24900 4
99055 2
46208 1
351 4
46208 5
14107 1
60981 4
51018 2
971 2
2191 2
83399 3
97409 1
84781 1
82887 4
78693 1
2191 3
14107 1
60321 5
46208 2
60321 2
29603 5
24900 3
52313 4
83399 3
2191 2
60321 5
46208 3
78693 4
89004 1
29603 4
61292 5
87374 1
51018 3
52881 3
70735 2
52881 1
70735 1
99443 3
11370 5
11370 5
82887 2
70735 2
14107 5
82887 3
60321 5
44634 5
99193 3
59556 1
99055 4
46398 2
16347 1
98659 2
971 2
46398 3
83446 2
46208 5
19766 2
30206 3
11370 3
971 5
29603 4
89004 3
19766 2
51018 4
44634 4
59556 3
46398 4
24900 4
971 1
59556 1
34561 5
2191 1
11998 2
84781 3
50972 4
99055 3
52881 4
338 4
971 1
70597 4
50972 1
87374 5
70735 3
50972 3
64058 2
64058 3
52313 1
64058 4
60981 1
61292 3
2191 5
87374 3
84781 3
338 2
351 2
98659 4
59556 1
971 3
60321 3
52881 4
99193 2
351 2
46208 4
52881 3
63630 2
61292 5
35281 2
35281 5
99055 1
11998 1
78693 5
19231 4
51018 4
351 4
60981 4
52881 2
59556 1
34358 1
50972 1
16347 5
31402 2
97409 4
19231 3
19766 2
19766 3
52881 2
19766 1
59556 4
11998 4
99443 3
99055 1
86038 1
83446 5
351 5
82887 2
14107 1
63630 5
63630 4
338 1
64058 2
84781 1
2191 4
19766 1
19766 5
86038 5
84456 4
99055 5
50972 3
46398 1
60321 1
31739 5
351 3
30206 1
98659 5
971 2
971 3
46208 2
61292 4
46208 5
971 4
34561 2
82887 3
87374 1
82887 3
351 3
33771 4
35281 3
11998 5
971 5
46208 3
971 3
31739 2
97409 2
338 2
338 4
29399 2
30206 4
63630 4
89004 1
61292 5
99443 5
46208 2
29399 1
63630 2
86038 4
31402 3
59556 3
30206 5
86038 2
34561 2
30206 5
70735 3
19766 4
17020 5
89004 3
31739 1
29399 3
63630 4
98659 4
34358 3
19766 5
351 4
78693 3
16347 4
84781 3
30206 2
51018 1
61292 4
30206 3
46208 4
64058 5
30206 3
83446 1
52313 1
2191 2
29603 2
61292 1
83446 4
16347 1
60981 4
11998 5
29399 5
52881 2
971 4
50972 3
97409 3
87374 4
14107 5
52881 3
30206 1
87374 1
29603 4
60981 5
46398 2
60321 4
60981 5
17020 4
86038 1
30206 1
97409 4
60321 3
70597 2
971 1
19766 4
34358 3
31402 3
2191 2
63630 2
98659 3
83399 3
70735 3
19231 5
99443 5
2191 3
83446 5
31402 1
50972 4
59556 2
63630 2
82887 5
70735 3
99443 1
11370 1
31402 4
46398 4
971 2
98659 1
30206 1
87374 2
84781 3
19766 3
31402 2
52313 2
46398 1
99443 3
52313 4
46398 5
11370 3
16347 4
11370 1
34358 3
87374 2
60321 2
34561 2
84781 4
70597 2
11370 4
31739 4
52313 4
99193 5
59556 1
24900 3
60321 5
16347 1
89004 2
89004 5
63630 2
351 1
46398 2
82887 1
29399 2
33771 4
84456 2
83446 3
33771 3
82887 1
99443 4
34358 3
17020 5
51018 3
61292 1
46208 2
70597 2
31402 1
16347 5
61292 3
98659 3
14107 5
78693 3
50972 1
2191 3
351 4
83399 2
89004 3
86038 3
84456 4
17020 3
87374 3
31402 5
17020 5
83399 4
82887 5
971 3
83446 4
82887 5
30206 3
83446 3
52313 4
60321 4
99193 2
11998 3
29399 5
24900 3
87374 1
97409 2
24900 4
16347 4
46208 2
35281 5
98659 1
11998 3
35281 5
84456 5
17020 2
51018 1
31739 5
16347 2
83399 5
11370 5
31739 5
11370 4
351 5
63630 3
14107 1
31402 5
98659 5
84456 5
97409 2
338 1
99443 1
19231 4
30206 3
60321 3
63630 3
82887 3
99055 2
46208 1
83399 2
63630 4
46398 2
60981 2
70735 2
46208 1
971 5
46208 2
16347 2
83399 2
70735 2
31739 5
46208 3
99193 2
16347 2
84456 2
11370 3
338 5
63630 5
351 2
35281 1
83446 3
29399 5
70735 2
84456 1
64058 1
64058 1
87374 5
34561 5
99193 5
99193 1
83399 4
46398 3
33771 5
50972 2
83399 3
99443 5
51018 1
61292 3
34561 1
34358 4
60981 4
30206 1
86038 1
338 4
31739 5
83399 3
98659 5
338 2
50972 2
31402 2
29603 3
99443 1
84456 3
51018 2
31739 4
44634 4
971 2
19231 5
24900 1
99443 1
84781 5
84456 5
97409 1
17020 4
87374 1
2191 3
31739 2
46398 5
87374 4
70735 3
52881 4
59556 1
338 5
87374 1
24900 1
52881 2
16347 4
11998 5
29399 3
34561 5
11998 3
19231 2
338 3
86038 3
84456 1
84781 2
83399 3
31402 3
351 1
971 4
11370 4
78693 3
34358 4
29399 1
52881 5
64058 4
46398 4
31739 3
99443 3
24900 3
35281 1
70597 4
30206 4
11370 3
34561 5
98659 2
97409 5
99193 3
971 2
46398 1
29603 1
63630 3
30206 1
84781 1
971 1
19766 2
33771 3
52881 3
52313 4
82887 2
34561 5
971 4
29603 3
98659 1
97409 2
46208 2
97409 4
83399 5
63630 2
60321 3
34561 4
83446 2
11998 5
61292 3
14107 3
50972 4
97409 3
70597 2
87374 1
50972 3
87374 2
89004 2
86038 2
84456 1
2191 2
30206 4
338 4
99055 4
98659 2
46208 3
83399 4
351 4
338 1
83446 5
70735 1
338 4
50972 3
70735 1
30206 3
19231 5
52881 4
31739 5
99193 1
34561 3
351 2
14107 5
31739 5
99193 3
60981 5
2191 3
59556 1
63630 1
16347 1
11370 2
34358 1
70597 3
46208 3
84456 4
31402 3
78693 3
70735 4
78693 2
17020 2
52881 5
52881 1
60321 5
84456 5
46398 3
60321 3
52313 1
351 4
34561 4
29399 3
78693 2
29399 5
14107 2
99443 4
17020 3
84456 1
97409 1
61292 3
46398 4
44634 5
351 3
31402 3
99193 3
70597 4
14107 2
89004 5
16347 2
31402 2
24900 4
31739 4
52313 4
34358 4
50972 5
99193 4
46398 2
351 4
84781 3
19231 5
51018 2
98659 1
351 5
44634 4
971 2
31739 2
64058 4
34358 2
99443 1
60981 3
60981 1
11370 4
19231 3
33771 3
82887 1
63630 2
50972 1
29603 1
29399 5
99193 4
98659 5
52881 5
16347 2
11998 4
70597 5
29399 1
51018 2
64058 4
29399 4
33771 3
46208 2
97409 2
50972 4
34561 3
19766 4
70735 3
17020 5
52881 2
35281 4
30206 1
97409 4
29603 3
16347 3
84456 1
11370 3
52313 1
86038 4
29603 1
2191 2
33771 2
87374 1
61292 4
24900 2
29399 2
70735 4
29399 4
29399 5
99443 2
34561 1
31402 1
31739 4
98659 5
84781 1
2191 4
99193 3
78693 5
64058 3
60321 4
83399 4
46398 1
78693 3
14107 1
31739 4
70597 5
83399 2
52313 5
99443 5
46208 4
83399 3
83446 4
52881 5
70735 1
19231 5
70735 5
98659 2
29399 2
34358 3
338 1
61292 2
16347 1
2191 2
29399 2
82887 5
46398 4
34561 3
59556 3
35281 4
98659 3
29603 1
83446 3
78693 4
61292 1
11998 4
351 3
51018 3
60321 5
11998 1
351 2
24900 3
84781 5
29399 4
78693 1
52881 2
63630 2
44634 2
99055 3
46398 2
11998 2
60981 3
86038 4
78693 5
351 3
84781 3
31402 1
59556 1
83399 3
86038 4
70597 4
64058 4
11370 1
2191 4
61292 2
52881 1
51018 4
98659 1
98659 5
2191 2
29399 2
97409 2
78693 5
34561 4
51018 4
84456 3
60321 2
33771 5
60321 2
98659 5
17020 1
31739 3
51018 4
84781 4
24900 4
60321 1
87374 1
64058 4
59556 5
34561 1
83399 1
2191 5
16347 2
70597 1
14107 3
34358 3
31739 1
29399 4
29603 3
82887 1
99193 4
30206 5
61292 2
46398 2
99055 4
16347 4
86038 4
84456 2
33771 3
52881 3
99055 3
52881 1
24900 1
60321 1
99443 3
70735 1
35281 3
89004 5
16347 5
59556 3
34358 3
14107 1
70735 5
19231 3
338 1
16347 3
16347 4
84781 5
97409 1
60321 1
86038 5
338 3
59556 2
60981 3
99443 1
99055 5
35281 4
84781 5
351 3
2191 1
64058 4
84781 5
97409 5
70735 2
84781 5
33771 5
89004 4
84781 2
59556 4
83446 1
19231 3
64058 3
99055 1
44634 4
61292 1
51018 2
44634 4
33771 5
17020 3
78693 5
97409 1
29603 4
61292 3
70735 4
19766 4
29603 1
89004 1
46398 2
70735 4
70735 3
11370 2
60321 4
87374 2
29603 5
99055 2
89004 5
63630 4
99193 4
63630 1
83446 3
99193 2
63630 4
338 5
70735 5
17020 3
99055 4
89004 3
70597 2
46398 2
84456 1
60321 3
64058 5
34561 5
84456 4
24900 1
83399 5
64058 1
99193 3
11370 1
78693 5
16347 1
84781 5
60321 4
33771 4
59556 1
11998 4
84456 3
971 3
338 3
52313 4
31739 2
98659 4
63630 3
59556 1
46398 5
11998 4
338 5
46398 2
24900 3
338 2
24900 5
16347 2
87374 4
44634 5
86038 2
19766 3
51018 3
11370 4
51018 4
19231 2
61292 1
51018 4
971 2
59556 2
11370 4
60981 5
351 4
84456 1
19766 4
51018 5
30206 5
338 2
87374 5
29399 3
17020 3
46208 5
33771 1
50972 5
99055 5
87374 4
2191 1
60981 4
338 5
46208 4
63630 4
64058 1
98659 4
99055 1
99443 4
351 2
14107 4
78693 5
19231 2
46398 2
971 3
16347 3
46398 4
351 1
17020 2
30206 1
82887 1
351 1
50972 5
61292 3
84781 5
34561 5
51018 2
31402 3
60981 5
61292 3
59556 2
99055 2
51018 4
70597 3
24900 5
60321 3
24900 3
84456 5
97409 5
29603 3
60321 2
70597 4
70597 4
46208 3
63630 1
31739 2
971 1
51018 4
51018 4
60981 1
971 3
29603 4
78693 1
84781 2
86038 3
70735 2
11998 4
87374 1
19231 5
70597 4
89004 5
61292 5
30206 2
19766 2
338 1
99193 1
60321 2
31402 3
16347 5
50972 2
19231 1
33771 5
63630 1
64058 2
70735 5
11998 3
46398 3
99193 2
11998 3
98659 3
99443 3
84456 4
2191 4
35281 1
351 3
87374 2
84456 1
17020 3
89004 2
84781 3
338 2
24900 3
30206 5
63630 3
351 3
46398 2
34358 3
84456 4
33771 5
70735 5
17020 2
19766 2
29399 5
84781 5
99193 1
338 2
70597 4
29603 4
98659 2
86038 2
99193 3
34561 5
99055 1
61292 4
46398 1
84781 4
60981 3
14107 1
34561 2
78693 4
29399 4
84781 5
31402 5
60321 1
14107 5
84456 1
19231 3
11998 5
33771 1
98659 4
14107 3
84781 5
44634 5
99443 2
61292 4
52313 4
34561 2
17020 2
52881 2
31739 4
98659 2
83446 2
63630 4
83399 3
29603 1
11998 1
84781 5
351 1
11370 2
46208 3
64058 1
83399 1
98659 3
59556 1
52313 1
70735 4
99193 2
99055 4
16347 2
86038 5
63630 4
351 3
46398 5
34358 1
52313 4
24900 2
86038 1
52881 5
46398 1
16347 3
14107 3
11370 2
50972 2
24900 1
24900 1
34358 4
14107 4
19766 5
33771 5
83446 5
46398 2
338 5
34561 5
84781 5
51018 1
59556 3
99443 2
31402 4
51018 3
19231 2
60321 5
2191 5
31402 4
16347 3
33771 1
98659 4
29603 1
70597 4
46398 5
63630 2
16347 5
50972 3
97409 2
52313 5
50972 1
89004 4
29399 2
31739 5
11998 4
46398 5
44634 2
97409 2
99055 4
61292 3
33771 4
31402 2
2191 2
86038 3
31739 3
60321 4
19766 5
19231 2
52881 3
60981 4
99193 2
31739 2
60321 3
971 3
33771 3
11998 5
86038 1
29399 3
24900 2
82887 4
52881 1
31402 4
19766 2
82887 4
29399 5
19231 2
52313 3
35281 1
971 5
33771 2
31739 5
29399 5
83399 5
19231 5
351 1
2191 4
14107 4
2191 3
29399 1
98659 3
16347 1
97409 3
61292 3
64058 5
84781 4
70735 4
50972 4
2191 1
19766 4
83446 1
19231 1
19231 4
11370 3
50972 3
30206 1
82887 2
29603 3
19231 1
46398 3
87374 4
52881 4
87374 2
60981 2
34561 5
31739 5
83446 5
59556 3
60321 3
87374 3
99055 2
11998 3
31402 4
51018 4
11998 5
99055 4
24900 5
87374 4
33771 4
52881 1
70735 3
59556 4
87374 5
89004 1
46208 3
70597 5
29603 4
16347 4
29603 4
19766 1
34358 1
19231 2
99055 5
24900 4
89004 1
11370 3
60981 4
89004 1
19766 2
30206 2
86038 1
35281 1
89004 2
46398 1
19766 4
14107 2
99193 4
98659 2
14107 4
84781 3
31402 2
84781 3
60321 2
60981 2
31739 1
34358 5
86038 5
11998 2
351 2
29399 5
82887 5
31402 2
51018 3
35281 2
59556 4
50972 2
84781 5
84781 4
87374 4
87374 1
46208 4
52313 5
64058 3
35281 2
11370 1
97409 2
84781 2
971 5
70597 2
351 2
24900 2
63630 4
14107 5
97409 2
33771 2
51018 2
87374 2
14107 1
52313 5
46398 1
34358 3
29603 5
89004 3
30206 1
19231 3
98659 3
70735 3
33771 4
99055 3
52881 4
19231 1
2191 3
82887 2
2191 2
14107 4
31402 3
98659 2
63630 5
70735 4
11370 4
971 5
60981 1
99055 5
34561 5
31402 5
19766 3
11998 5
52881 4
99443 1
351 1
83446 3
98659 4
59556 1
99193 2
11370 1
61292 5
59556 5
16347 5
60321 3
63630 3
31739 1
78693 2
338 5
34358 5
11370 4
51018 2
44634 2
44634 3
99055 2
11998 4
97409 1
971 5
89004 3
31402 2
29399 2
11998 1
51018 5
87374 1
50972 4
46398 4
338 4
52881 5
59556 4
82887 5
59556 3
33771 1
2191 1
84781 2
34358 4
60321 1
99055 1
70597 1
83446 2
50972 5
51018 3
52313 4
46208 4
60981 2
44634 2
99055 1
52313 4
61292 2
83399 5
34561 5
31739 5
35281 2
31739 1
31402 3
29399 2
35281 4
44634 5
87374 5
84456 1
30206 2
44634 4
78693 2
24900 2
50972 5
61292 4
52881 3
971 4
61292 5
70735 4
52881 4
971 1
78693 4
46398 5
64058 3
61292 2
50972 4
86038 2
99443 5
19766 1
52313 5
70735 2
338 5
51018 4
46208 2
35281 3
30206 2
84456 4
2191 3
11998 4
52881 1
60321 2
61292 2
351 3
971 2
31739 4
11998 5
51018 5
64058 2
99443 5
84456 2
44634 5
351 5
30206 4
50972 1
46208 2
971 1
24900 5
87374 4
17020 5
51018 2
19766 2
97409 4
61292 5
60321 1
70597 5
34561 3
86038 4
99193 1
338 2
17020 1
84781 2
89004 4
78693 4
29399 1
51018 3
82887 2
46208 5
30206 2
52313 2
87374 5
14107 2
59556 2
84781 5
46208 4
17020 4
70735 4
34358 3
52881 3
11998 5
98659 1
83446 2
50972 5
84456 1
86038 4
19766 4
351 5
61292 1
33771 2
83446 2
51018 4
29399 5
44634 1
29399 5
83399 5
86038 3
83446 2
89004 5
17020 4
33771 1
87374 5
11370 1
52313 3
14107 4
51018 2
59556 1
78693 3
84456 5
16347 4
19231 2
84781 1
60321 1
31402 2
70735 1
34358 5
35281 1
29603 4
33771 1
83399 3
52313 5
83399 2
351 2
30206 5
14107 3
60321 1
34561 5
61292 5
83446 4
44634 4
82887 1
33771 4
46208 1
34561 1
29603 5
30206 4
11998 1
35281 3
98659 3
63630 5
82887 4
52313 1
16347 3
84781 1
82887 3
31739 5
97409 2
33771 4
46398 2
30206 3
99443 3
17020 3
63630 5
17020 3
51018 1
78693 1
83399 4
351 5
52881 3
30206 5
46398 5
14107 5
98659 5
31739 2
11370 3
97409 5
2191 2
51018 3
98659 2
44634 2
70597 4
60321 2
99193 2
11370 2
52313 3
17020 1
70597 3
78693 2
98659 4
99443 5
89004 4
31739 5
59556 1
46398 4
29399 1
84456 2
11998 2
971 5
60981 1
17020 4
35281 1
11998 2
60981 4
60981 5
59556 2
82887 4
24900 3
86038 3
98659 5
29399 1
29399 1
78693 3
97409 2
46208 1
338 1
86038 4
83399 3
99055 1
31402 1
99055 2
35281 3
11370 4
2191 3
99055 2
82887 5
52881 5
34358 1
78693 3
338 2
46398 5
60981 3
51018 5
44634 2
34358 5
44634 2
50972 4
19231 1
24900 1
351 1
78693 1
31739 1
60321 4
70735 4
351 4
60321 2
84456 4
30206 2
29603 3
99443 3
99193 2
31402 2
83446 5
82887 1
60321 4
11370 3
70735 2
99443 1
338 3
46208 4
971 5
35281 5
29603 3
83446 2
78693 1
99193 1
34561 5
63630 1
34561 1
98659 5
89004 1
338 2
59556 5
99193 1
50972 4
70597 2
17020 3
11370 1
70735 4
52881 2
44634 3
34561 5
99193 3
83446 2
16347 2
83399 2
99055 4
31739 5
84456 3
24900 4
86038 1
51018 4
33771 2
61292 3
52313 3
99055 4
78693 2
46398 5
46208 2
351 5
33771 5
59556 1
17020 1
2191 3
34561 2
11370 1
52881 5
19231 1
70735 5
14107 3
46208 2
971 2
34358 3
83399 4
97409 3
84781 3
34561 1
16347 1
29399 1
19766 2
83446 3
78693 5
63630 3
11998 2
99193 1
61292 4
19231 4
2191 3
11998 5
971 1
97409 3
84781 4
24900 4
31402 3
31402 4
61292 3
61292 3
52881 2
87374 4
60981 2
14107 3
31739 4
19766 4
19231 5
64058 3
34358 5
82887 4
33771 2
29603 3
70735 3
30206 2
31739 4
14107 1
16347 2
83446 4
19766 2
35281 2
17020 1
29399 1
16347 1
60321 2
338 2
44634 4
34358 1
70735 2
17020 4
60981 4
52881 3
70735 3
97409 2
83399 3
34561 5
30206 1
46398 2
971 2
31402 4
51018 2
338 1
34358 3
86038 3
31739 5
19766 2
84456 1
24900 4
35281 5
83446 5
34358 2
63630 5
52881 1
63630 1
31402 4
83446 3
61292 3
24900 2
11370 3
11998 5
87374 3
89004 2
351 2
87374 2
70597 3
84456 3
51018 2
46208 3
29603 4
89004 4
35281 2
99443 5
97409 2
99443 4
70597 4
34358 3
98659 3
46208 3
50972 5
99193 4
46208 2
30206 3
46398 5
99443 5
31739 3
60981 2
50972 5
19766 2
60981 1
971 2
86038 4
46208 3
11370 4
60321 2
60981 1
34358 3
99055 3
52313 3
29603 3
59556 3
60321 1
59556 5
52881 4
83399 4
11998 5
87374 1
70597 2
52313 1
24900 2
82887 4
78693 4
83446 5
83399 4
99055 4
89004 5
89004 2
2191 2
83399 1
35281 3
44634 3
31739 3
14107 5
338 3
51018 1
70597 4
59556 3
44634 5
19231 4
84456 3
87374 5
83446 4
99443 4
19766 5
86038 5
83446 2
97409 3
78693 1
99055 3
33771 4
34358 4
99193 3
11998 2
338 4
16347 4
89004 3
34358 5
86038 2
17020 3
52313 5
70597 5
34561 3
59556 5
17020 1
99193 3
61292 3
70735 4
70735 1
84781 4
86038 1
19766 4
99443 2
98659 5
46208 2
34358 1
89004 5
31739 1
46208 2
34358 2
63630 5
11998 4
35281 1
44634 5
60981 3
99443 3
24900 2
84456 4
83399 5
35281 1
971 4
11998 1
29603 1
70735 2
99193 3
46398 2
29399 5
82887 1
82887 3
99055 4
59556 2
19231 1
84456 1
70597 5
351 3
64058 2
83446 1
99055 2
99443 5
35281 3
338 5
34561 5
14107 5
14107 3
19231 2
11370 2
33771 1
31402 3
52881 2
44634 4
61292 4
34358 4
11370 4
51018 3
98659 5
34358 1
99193 5
60321 4
11370 2
98659 1
61292 4
99055 5
31402 5
52881 2
60981 1
83446 3
11370 4
82887 1
99055 1
33771 1
82887 4
351 2
2191 4
86038 5
351 5
34358 3
60981 3
78693 4
52881 1
44634 1
17020 4
33771 3
52881 1
99443 5
97409 2
82887 5
82887 4
82887 1
50972 4
16347 1
19766 1
33771 3
35281 5
98659 1
99055 4
14107 4
29603 5
83399 5
86038 5
89004 4
89004 2
17020 2
16347 1
59556 4
99193 3
97409 2
34358 4
30206 4
2191 3
11998 1
33771 3
83399 2
338 3
84456 4
83446 4
52881 4
60321 2
60321 2
29603 3
338 3
29399 5
11370 3
2191 3
30206 4
46398 3
50972 2
64058 4
64058 3
83399 3
52881 4
61292 5
83446 2
84456 3
99443 2
29399 4
61292 3
11370 1
44634 5
35281 4
19231 4
89004 4
44634 5
33771 2
2191 5
11370 1
97409 3
99055 2
31402 5
34358 2
99443 1
78693 3
11370 2
24900 2
34561 4
61292 2
44634 1
52881 5
98659 1
19766 4
30206 3
19231 1
64058 2
78693 1
351 3
50972 5
29603 5
19231 4
99193 3
44634 2
33771 2
24900 1
51018 1
89004 4
78693 5
29399 4
60321 5
70735 4
19766 4
86038 1
29399 4
82887 5
99193 3
2191 4
59556 1
84781 5
35281 1
24900 4
35281 2
52881 1
87374 3
70597 1
31402 1
11998 1
2191 2
98659 1
59556 2
52881 5
29603 1
35281 5
14107 4
97409 5
31402 1
351 4
70597 4
99193 2
14107 5
82887 1
2191 5
83446 4
33771 1
70735 4
29399 2
70735 5
34561 5
60321 2
70597 5
60981 4
83446 1
50972 1
30206 3
59556 4
59556 1
46208 3
44634 2
99193 4
35281 4
97409 4
60981 4
34561 3
86038 5
70597 4
99193 2
50972 1
19231 3
971 1
87374 4
86038 3
97409 5
16347 5
60981 5
34358 2
70597 1
86038 3
50972 1
51018 4
51018 1
29603 5
29603 5
338 4
63630 4
99193 5
17020 5
34561 3
83399 5
64058 5
31739 1
29399 5
89004 2
83446 2
50972 3
51018 5
16347 1
31402 3
51018 1
17020 5
30206 4
46208 5
98659 2
84456 5
61292 4
86038 5
63630 2
89004 5
2191 2
33771 3
338 2
63630 3
97409 3
60981 5
16347 5
19231 5
17020 4
64058 2
84781 4
17020 3
63630 4
50972 2
16347 5
35281 2
351 5
61292 1
63630 5
99193 4
78693 1
31402 3
16347 4
29603 5
35281 5
11998 4
46398 4
70735 3
52881 5
64058 3
70735 4
97409 5
11998 2
61292 1
14107 4
50972 4
70735 4
70735 2
17020 4
30206 5
52313 2
351 5
82887 1
60981 5
82887 4
99055 2
44634 3
70735 4
70597 3
31402 4
35281 5
87374 3
971 4
60321 2
99193 5
99443 4
35281 1
99193 4
19766 1
35281 4
97409 2
52881 2
34561 4
35281 4
87374 3
44634 4
34561 5
50972 2
35281 3
84781 3
46208 3
82887 2
2191 5
82887 2
338 2
34358 2
16347 3
31739 3
86038 2
971 2
99055 1
971 5
51018 1
99443 4
64058 3
52313 3
24900 4
89004 4
51018 5
59556 1
52313 1
82887 5
17020 4
99193 5
60321 1
52881 1
17020 1
33771 2
17020 5
82887 2
52881 4
99193 3
35281 2
70735 4
70735 4
46398 3
99193 3
46208 3
11370 2
34358 3
34561 3
60321 1
99443 2
29603 5
99055 2
17020 5
60321 3
971 4
46208 5
19766 1
70597 4
99443 4
84456 1
31402 4
46208 3
33771 4
60321 2
14107 2
52313 4
971 2
2191 5
84456 2
59556 5
83446 3
99055 1
84456 5
30206 3
46398 4
84781 3
46208 4
31739 1
34561 1
29399 5
70597 2
84456 1
31739 5
52881 3
17020 1
34561 1
60321 2
99193 2
33771 4
70597 3
78693 4
24900 2
46208 2
87374 2
99055 1
14107 3
44634 1
31739 4
338 2
33771 1
34561 3
14107 3
34358 4
52313 2
84456 2
97409 1
99055 1
84456 5
19231 1
17020 2
61292 1
50972 3
14107 4
99443 4
59556 5
46208 2
29399 4
46208 3
34358 4
84781 4
24900 5
61292 1
2191 5
44634 3
61292 2
46398 1
29399 5
31739 4
24900 4
82887 1
17020 2
83446 2
99055 2
63630 1
11370 3
19231 2
33771 2
46398 4
30206 3
34561 1
29603 5
29603 5
34561 5
46398 4
31402 3
14107 3
50972 3
50972 1
99193 3
60981 1
52881 4
2191 1
31739 1
46398 5
46398 5
971 4
63630 3
64058 2
338 5
338 5
52881 3
51018 3
338 3
19766 2
78693 5
19766 1
17020 4
61292 4
30206 2
63630 5
89004 3
60981 4
2191 5
971 3
14107 4
64058 4
351 4
83399 4
60981 5
14107 5
87374 5
31739 1
60321 2
31739 5
70735 5
63630 1
82887 4
78693 3
51018 1
59556 5
63630 1
17020 4
29603 1
29399 2
34358 2
98659 1
99443 4
99055 2
84781 1
351 5
83446 2
60981 3
82887 1
83446 1
86038 3
99055 1
31402 4
97409 4
31402 1
52881 1
97409 1
30206 4
70597 4
60321 4
11998 3
34358 2
86038 4
70597 4
29603 2
14107 4
84781 2
44634 5
87374 5
60321 3
29399 2
19766 3
338 5
83399 3
31402 2
89004 4
83399 2
61292 3
86038 1
971 4
98659 3
16347 4
86038 1
2191 5
52881 4
99055 4
338 1
351 1
44634 3
98659 2
70735 3
35281 4
70735 3
83399 1
60321 4
44634 4
33771 3
63630 4
99443 3
35281 1
59556 1
31402 5
971 3
51018 1
78693 2
35281 3
70735 5
14107 2
97409 3
34561 3
14107 5
19231 4
99193 2
70597 3
64058 1
63630 3
17020 4
78693 2
29399 2
44634 3
46398 4
82887 1
19766 2
99193 1
2191 2
11370 2
99193 4
16347 4
52881 5
52881 1
99055 5
64058 4
98659 4
44634 4
99055 4
19231 1
87374 5
971 2
97409 1
19231 3
64058 1
83399 5
34561 1
351 1
82887 4
98659 4
971 5
83446 3
99443 4
60981 4
99193 1
99193 2
19766 2
99443 1
97409 4
2191 5
46208 5
29603 5
52881 4
44634 4
78693 4
99055 2
99443 5
29603 5
31739 3
31739 3
50972 4
2191 1
78693 4
30206 5
29399 5
2191 3
11998 5
29399 3
60981 3
83399 2
35281 2
35281 3
83399 3
29603 1
84781 4
31739 5
99193 1
60321 5
34358 2
11370 3
351 2
16347 4
87374 3
14107 4
64058 1
46398 5
46208 4
34561 1
11998 4
19766 3
46208 3
99055 2
971 2
89004 4
2191 4
99055 5
34358 1
98659 1
11998 5
83446 2
78693 3
86038 5
99055 1
87374 4
31739 5
61292 3
44634 3
24900 1
30206 2
16347 5
34358 3
97409 2
31739 3
87374 5
50972 5
87374 5
351 4
52313 4
2191 3
29603 1
87374 5
971 5
29399 4
59556 2
99443 3
70735 2
64058 2
2191 5
70735 2
61292 5
30206 2
34561 5
19766 5
16347 2
97409 4
52881 5
971 1
11370 4
46398 2
59556 2
31739 4
31739 4
51018 5
84781 3
84456 3
52881 5
31402 2
16347 3
33771 4
99193 1
63630 2
82887 1
971 2
11370 4
70597 2
87374 3
11998 1
99443 2
64058 5
29603 4
29399 5
29603 2
44634 5
60321 4
84456 5
82887 4
29399 3
99193 1
64058 5
11998 3
17020 2
99055 3
338 1
46398 4
2191 3
338 1
24900 2
33771 3
83399 2
70735 4
971 2
29603 4
51018 2
70735 1
98659 1
17020 1
78693 1
34358 4
83399 1
99193 1
61292 2
351 5
29603 2
78693 4
2191 4
50972 3
35281 2
35281 4
29603 4
19231 3
46208 3
84781 3
34358 5
33771 5
87374 1
59556 2
338 2
14107 5
98659 4
34561 3
51018 4
2191 2
14107 2
51018 1
78693 5
60981 3
50972 3
51018 3
99193 2
59556 5
44634 1
99055 5
338 4
52881 4
64058 2
99443 4
31739 4
82887 5
33771 3
51018 4
99055 5
83399 5
19231 5
87374 4
61292 5
24900 4
2191 1
70735 3
99055 2
29603 3
33771 1
61292 4
16347 2
29603 2
63630 5
83446 2
30206 3
60981 1
19231 4
50972 2
51018 4
84781 5
30206 2
52881 4
351 2
52313 2
35281 3
83399 4
50972 1
338 4
52881 3
59556 5
2191 4
24900 4
31402 4
24900 4
59556 1
971 4
971 1
98659 2
33771 3
83399 2
89004 3
60321 1
17020 3
87374 1
84781 5
24900 2
29603 5
52881 2
64058 3
34358 3
35281 4
86038 2
29399 5
14107 1
84781 1
82887 2
35281 3
87374 2
64058 5
82887 4
64058 4
82887 5
60321 3
971 4
46398 5
351 5
351 3
98659 1
84781 5
52313 4
16347 4
46398 4
61292 3
87374 2
16347 1
19766 1
11998 4
84781 5
44634 4
16347 3
84456 2
97409 3
11370 2
60981 5
52313 1
35281 3
50972 4
971 2
338 2
34358 1
59556 2
52313 2
84456 2
86038 1
51018 2
2191 5
17020 4
78693 3
34358 1
51018 2
35281 4
86038 4
33771 4
16347 1
24900 1
52313 3
2191 3
19231 4
83399 1
46208 2
83446 3
11370 4
86038 4
99443 2
16347 4
30206 2
99443 1
51018 2
14107 1
87374 5
63630 4
99193 3
11370 2
30206 3
63630 1
50972 5
16347 2
51018 3
2191 5
19231 1
971 1
99443 2
87374 4
351 2
99055 4
63630 5
59556 2
29603 4
61292 4
89004 4
30206 2
52313 5
19766 5
87374 4
89004 1
51018 4
30206 4
34358 4
50972 3
971 5
98659 1
50972 5
34561 2
2191 4
87374 3
34358 2
50972 5
31402 3
52313 5
17020 2
338 2
59556 5
52881 1
84456 1
24900 5
60321 5
82887 1
29603 3
34561 5
70735 3
44634 2
83399 2
52313 4
31402 4
50972 4
46398 2
51018 1
11370 4
19766 1
34561 5
83446 5
46208 4
46398 4
11370 1
351 3
17020 5
59556 3
61292 2
29399 2
64058 2
64058 1
84456 1
70735 4
86038 1
89004 4
64058 2
46208 5
29399 5
33771 4
24900 5
44634 2
70735 3
82887 4
83399 5
78693 3
971 3
19766 5
60321 1
24900 1
33771 5
70597 4
99193 4
84456 5
89004 2
34561 5
61292 2
99193 4
11370 2
29399 1
86038 5
34358 3
83446 5
50972 1
338 1
83399 4
34358 2
82887 3
59556 1
2191 2
87374 3
87374 4
31402 2
29399 4
60981 5
30206 5
31402 1
44634 2
82887 2
98659 3
29399 5
86038 4
83399 4
17020 3
11370 2
99193 2
63630 2
2191 4
64058 4
59556 2
84781 3
14107 1
46398 4
99055 1
60981 1
2191 4
14107 5
34561 3
60321 2
2191 5
35281 1
33771 4
99055 4
82887 2
99193 1
84781 4
51018 3
83399 4
971 4
11998 5
24900 5
11370 2
89004 4
29603 5
84781 4
70735 5
14107 3
60321 4
89004 1
52881 5
89004 2
60321 2
14107 5
46398 3
84456 2
24900 4
14107 2
51018 3
31739 4
99055 2
29603 4
84456 1
11370 2
70597 4
50972 1
16347 2
97409 4
84456 1
16347 5
31739 4
30206 4
33771 4
31739 4
83399 2
97409 5
46398 4
971 2
29603 1
31739 5
52313 5
52881 5
52313 5
17020 4
82887 2
51018 1
87374 5
31739 4
99443 1
31739 1
97409 3
24900 3
31402 4
70735 4
99193 2
17020 4
44634 4
24900 2
46398 2
338 1
46398 1
52881 2
35281 3
59556 2
51018 3
52881 4
33771 1
33771 1
29399 1
34561 5
82887 4
61292 5
82887 5
99193 4
31402 2
30206 5
19766 2
35281 2
30206 5
99443 1
50972 2
29603 1
44634 3
30206 3
84456 2
84781 2
84781 2
98659 3
11998 1
84456 1
98659 4
52313 2
51018 3
99443 1
50972 2
60981 3
35281 1
84456 2
31739 1
83399 5
99193 5
30206 5
19766 3
63630 1
30206 2
11370 3
34358 1
52313 1
63630 3
971 4
97409 5
86038 4
87374 1
24900 2
17020 5
89004 1
99055 3
44634 4
78693 5
63630 2
30206 5
11370 2
52881 1
17020 2
31739 5
11998 4
16347 3
97409 1
351 3
29603 2
44634 4
70597 5
351 5
29603 5
338 4
86038 2
971 4
97409 2
19231 3
99443 4
99055 5
50972 3
19766 2
11370 2
89004 4
97409 4
16347 4
19231 2
19231 2
52313 5
338 4
60981 5
338 3
35281 2
2191 5
59556 4
84781 2
70735 4
16347 3
64058 5
87374 5
97409 3
19231 4
70597 4
82887 2
99443 3
87374 2
19231 5
31739 1
61292 1
11370 5
19231 2
86038 2
51018 3
61292 1
34561 4
19766 2
52313 1
338 2
52313 3
60981 5
30206 4
52313 4
351 2
84781 5
19766 2
83399 3
51018 2
46208 1
30206 5
89004 4
84456 5
971 1
84781 4
338 2
82887 4
11998 4
34561 2
52881 1
99443 3
59556 2
11370 3
2191 5
11998 3
2191 1
19231 3
14107 4
44634 3
70597 4
99193 5
16347 2
51018 1
31739 3
34561 3
46398 3
89004 1
16347 1
24900 4
30206 5
19766 2
78693 2
50972 5
60321 1
99193 5
52313 2
70597 5
17020 3
44634 4
52881 5
87374 1
99443 4
33771 2
31402 5
29399 1
89004 4
17020 5
31739 3
99193 1
51018 2
51018 5
52313 5
99055 3
63630 5
34561 5
84781 5
78693 4
60981 2
59556 3
30206 3
70597 3
70735 3
78693 3
24900 5
31739 5
97409 5
11370 4
14107 4
971 5
29603 1
83399 5
99055 5
17020 4
99443 1
59556 5
60981 2
29399 5
11370 4
99193 5
2191 4
86038 5
84781 4
351 2
59556 3
17020 5
17020 4
97409 5
46398 3
84781 2
98659 3
61292 2
86038 4
63630 1
52881 2
33771 4
87374 3
19766 1
351 3
35281 5
60321 5
61292 4
24900 2
31739 1
30206 2
52881 4
97409 4
59556 2
351 5
29399 1
63630 4
70735 5
34561 4
17020 1
98659 2
78693 2
83399 3
34358 3
89004 2
99443 1
60981 2
61292 1
44634 3
63630 1
19231 1
99055 2
30206 4
19231 4
78693 1
82887 1
29399 3
59556 4
83446 4
84456 2
2191 3
60981 4
46208 5
52313 5
78693 5
35281 1
84781 4
50972 5
82887 2
70735 1
52881 2
35281 5
52313 2
46208 3
2191 3
70735 1
51018 5
70597 3
46398 4
2191 1
46398 2
971 4
59556 4
14107 5
16347 3
52881 4
70735 5
60981 1
11370 3
35281 2
89004 1
29603 5
51018 4
51018 4
99193 1
59556 4
78693 1
46208 5
99193 4
70735 4
35281 3
82887 3
99193 1
31402 1
14107 3
44634 1
60981 2
338 3
46398 1
99443 3
35281 4
351 1
64058 2
84781 3
338 1
83399 5
46398 4
59556 5
82887 5
60321 2
24900 3
97409 2
46208 5
11998 5
17020 4
70597 5
59556 2
70735 1
351 2
70735 4
97409 3
60321 3
29399 2
50972 5
84456 3
30206 2
82887 4
83399 5
17020 1
29603 2
19231 5
29399 3
14107 4
33771 5
60321 5
51018 1
35281 5
351 1
99443 4
51018 5
86038 5
97409 3
35281 4
19231 2
70735 5
50972 5
97409 2
59556 1
59556 1
64058 1
52313 4
83399 3
51018 1
98659 2
29603 2
59556 1
60981 5
31739 2
31739 1
99443 5
59556 3
11370 5
89004 2
338 2
46398 1
19766 5
11998 5
34561 1
52881 3
99055 2
70735 5
31739 5
30206 1
30206 2
83399 3
99055 2
99443 4
98659 3
86038 1
60321 2
11998 4
19766 4
35281 3
30206 2
60321 2
19766 2
29603 4
30206 4
84781 1
351 2
84781 4
70735 2
78693 3
24900 4
63630 1
52881 1
29603 4
61292 3
70735 1
19231 2
46398 4
64058 3
29399 5
60981 3
78693 5
60321 4
64058 5
31739 2
34561 1
99055 4
52313 4
59556 1
31402 2
46208 2
99443 4
35281 2
99055 3
50972 1
19231 3
64058 1
99443 4
29603 2
24900 5
24900 1
84456 4
99193 5
70597 2
70735 2
70597 1
35281 1
31402 3
97409 3
46398 2
34358 5
86038 4
82887 3
60321 5
83446 1
59556 1
89004 4
46208 2
34358 2
98659 5
52313 1
51018 3
351 1
16347 1
99443 1
31402 2
14107 5
99055 2
50972 1
63630 5
97409 2
14107 4
338 1
82887 1
51018 5
33771 5
83446 2
31402 2
59556 1
63630 1
35281 5
82887 3
19231 1
78693 2
52313 2
63630 4
60321 4
24900 1
86038 1
89004 5
83446 3
83399 1
87374 2
82887 5
99193 5
61292 1
19231 4
11998 4
46208 4
19766 2
46398 1
338 4
52313 3
83399 3
97409 3
31739 2
98659 5
29399 1
99443 5
46398 1
338 5
50972 2
52313 4
30206 1
82887 5
87374 3
338 1
60981 4
19766 3
89004 3
99055 5
34358 4
82887 3
97409 4
84456 4
44634 1
24900 5
29399 2
31739 4
33771 1
19766 1
98659 1
89004 2
46208 1
19231 5
60981 2
50972 4
52313 2
99193 1
52313 1
30206 4
11370 1
34358 4
99193 4
60981 1
50972 2
31402 3
99443 4
63630 3
70597 4
87374 4
64058 3
63630 2
31402 2
60981 1
46208 3
50972 1
34358 3
64058 4
17020 2
70735 3
64058 4
60321 2
46398 5
24900 5
31739 3
24900 2
16347 4
64058 1
64058 2
52313 1
59556 2
86038 3
86038 5
99443 4
98659 1
70735 3
70597 3
11370 5
82887 2
46398 4
2191 4
82887 1
34561 1
61292 1
51018 2
52313 3
2191 1
34358 5
61292 5
98659 3
60321 1
46398 5
17020 3
60321 1
63630 1
31402 3
86038 2
63630 5
17020 1
46398 4
59556 2
89004 1
59556 2
60981 2
14107 5
52881 5
60321 3
52881 4
46398 1
46398 4
98659 5
83399 5
44634 1
70597 1
82887 5
19231 5
30206 1
19766 5
59556 5
83399 3
30206 4
29603 1
99055 5
70735 1
87374 5
52313 4
59556 4
52313 5
63630 4
59556 2
52313 5
46208 3
31739 1
59556 1
46398 5
24900 5
971 4
87374 1
98659 3
82887 2
99193 4
82887 2
99055 2
83399 3
99443 2
63630 3
971 2
338 4
29399 1
99055 3
34358 1
2191 2
11998 1
99443 1
60321 1
59556 1
99193 3
83446 3
24900 5
16347 2
351 3
52313 1
87374 4
61292 5
34561 2
98659 3
16347 2
52881 2
34561 1
78693 4
971 3
19231 3
84456 2
31739 4
70735 4
78693 4
46208 4
11998 5
83446 1
30206 1
2191 5
31739 1
351 3
338 2
99443 4
99055 2
33771 2
51018 2
17020 1
64058 1
64058 3
30206 5
11998 1
31402 5
971 1
60321 4
14107 1
50972 3
50972 3
70735 1
11998 2
31739 5
46398 4
44634 5
63630 3
46398 5
30206 5
46208 3
29399 4
83446 1
46398 3
82887 2
31402 2
11370 2
99193 2
99193 4
16347 3
11370 5
35281 4
19231 4
11370 3
60981 3
50972 4
17020 2
29603 4
87374 3
99055 5
86038 2
29399 2
17020 5
971 3
70735 4
351 1
84456 5
99193 3
51018 1
64058 5
46208 5
35281 3
61292 1
30206 5
30206 4
34561 3
59556 5
63630 1
99055 3
63630 2
59556 1
29399 1
82887 2
50972 2
59556 5
11998 2
46398 5
34561 2
44634 2
35281 4
44634 4
78693 4
24900 2
34561 1
46398 2
83446 3
97409 5
19766 3
98659 1
31402 5
86038 1
98659 2
59556 4
84781 3
2191 3
83446 1
14107 5
11998 2
83399 5
60981 2
33771 1
11370 4
351 4
11998 5
14107 1
11370 1
70735 1
50972 2
63630 4
11998 5
11998 4
82887 3
31739 3
97409 3
99193 3
29603 3
83399 2
11998 5
51018 3
11998 5
60981 4
33771 5
29603 3
19766 4
83399 4
33771 3
31402 4
34358 4
17020 1
30206 1
31739 1
14107 5
99055 1
19231 1
46208 5
33771 3
351 2
99443 3
50972 5
52313 5
64058 5
63630 4
17020 4
34561 3
11998 4
2191 5
70597 5
24900 3
70735 5
46398 1
61292 2
64058 5
46398 2
99055 1
97409 2
78693 5
83399 5
34358 1
971 3
2191 5
60981 4
51018 4
50972 1
61292 1
46398 5
98659 3
99193 2
78693 3
11370 4
31739 1
338 1
99055 5
86038 2
82887 5
11998 1
16347 4
52313 4
78693 4
86038 2
86038 2
99443 5
34561 1
70597 1
70735 4
83399 5
14107 2
11370 2
351 3
46398 1
99193 1
14107 3
46208 4
351 5
50972 3
971 5
16347 5
29603 5
351 4
84781 3
52881 5
46208 4
46208 1
52313 3
2191 5
97409 4
16347 1
11370 5
99193 1
11370 3
31739 3
29603 1
16347 4
52313 2
84456 5
11998 4
52881 1
16347 2
29399 5
46208 1
61292 4
29603 3
46398 2
29399 3
338 3
29399 1
83446 5
78693 3
19231 2
31402 1
33771 1
14107 1
44634 5
44634 5
61292 3
78693 2
52313 1
86038 2
46208 4
338 5
99443 3
44634 5
33771 5
29399 1
33771 3
14107 3
24900 1
98659 1
86038 2
52881 1
70735 4
50972 1
34561 4
2191 4
60321 1
351 2
99443 1
11370 5
11998 5
16347 3
78693 2
24900 1
84781 5
97409 5
14107 5
78693 1
84456 3
19766 3
971 2
70735 2
31402 5
70597 2
89004 1
60981 3
84781 5
24900 3
70735 2
70735 5
11998 4
30206 3
24900 5
84456 5
338 2
46208 1
83399 2
35281 4
11998 3
78693 3
84456 5
31739 3
34561 2
338 4
64058 2
61292 5
99055 1
97409 2
83446 1
35281 3
31402 1
63630 4
83446 3
84781 5
24900 1
46208 2
24900 1
11370 5
338 5
52313 1
14107 1
99055 5
17020 5
351 5
44634 5
63630 2
64058 2
99443 4
86038 2
84781 5
99193 3
31402 1
33771 1
24900 1
60321 5
17020 3
52881 1
78693 5
84781 4
63630 3
51018 2
34358 1
11998 4
46208 3
64058 5
17020 3
35281 3
16347 2
24900 5
35281 5
86038 2
97409 3
60981 2
31402 4
52881 4
63630 1
87374 5
11370 2
99443 2
60321 2
19766 4
52313 2
19766 1
99193 2
44634 3
19766 4
97409 1
70735 3
97409 1
87374 5
70597 2
82887 1
70735 5
70597 3
19766 5
83399 5
99443 3
52881 2
24900 2
19231 1
97409 1
29399 4
97409 4
99055 2
24900 5
29399 3
33771 5
51018 3
97409 4
29399 3
24900 4
33771 3
52313 1
86038 1
338 4
971 5
64058 4
51018 3
51018 3
30206 4
82887 4
19766 1
31402 3
971 4
99443 1
52881 2
97409 4
11998 5
29603 2
44634 2
34358 1
52313 1
99055 5
24900 1
60981 1
63630 1
97409 3
19231 2
16347 1
11998 4
50972 4
61292 2
97409 3
19766 4
70735 1
31739 1
99055 2
351 3
89004 3
60981 5
17020 3
33771 3
2191 1
51018 2
35281 2
16347 3
59556 2
16347 5
82887 4
33771 2
46398 4
19231 3
16347 2
60321 2
14107 4
99055 5
11998 1
59556 2
35281 3
84456 2
11998 5
24900 2
89004 1
89004 2
61292 5
46208 2
17020 2
29603 2
16347 5
19231 5
60981 2
86038 5
44634 3
78693 1
51018 4
59556 1
351 3
19231 1
84456 5
97409 1
63630 4
44634 4
84456 1
31739 2
46398 3
31402 5
11370 4
46208 4
99443 2
31402 5
84456 3
338 2
31739 5
99055 5
63630 3
64058 5
83399 3
17020 3
351 4
51018 5
34561 5
52313 4
16347 1
99443 3
98659 3
44634 5
46398 5
33771 2
63630 5
99443 5
99193 4
63630 4
86038 3
78693 1
33771 3
2191 1
99055 2
338 1
78693 1
60321 4
60981 3
2191 5
59556 3
60981 1
63630 5
59556 2
17020 2
24900 5
61292 3
31739 3
24900 1
14107 1
338 2
50972 4
97409 5
82887 3
64058 4
44634 1
86038 4
98659 1
34358 4
83446 4
16347 3
46208 5
83399 3
2191 5
61292 5
84456 2
971 3
24900 1
29399 4
35281 1
83446 2
31402 4
29399 1
29603 2
29399 2
60321 1
34561 5
98659 4
64058 2
14107 5
60981 3
52313 5
44634 3
44634 3
99443 4
11370 1
44634 1
86038 4
351 4
29399 4
82887 1
78693 5
17020 4
61292 2
44634 1
11370 4
16347 3
33771 1
46398 1
34358 4
19231 2
99193 3
99055 4
52313 5
97409 2
84781 5
34561 1
2191 1
11370 2
29399 4
46208 2
99055 3
24900 1
2191 1
30206 1
60321 2
84781 5
34561 1
97409 1
87374 4
29603 4
31402 2
99193 5
16347 2
30206 1
84781 1
64058 4
17020 1
70597 4
84456 2
52313 2
84456 5
31402 3
70735 4
17020 4
29399 1
99055 2
63630 3
70735 3
70597 3
86038 5
351 5
351 2
44634 2
338 4
99443 3
35281 2
82887 1
34561 4
89004 3
351 2
60981 1
63630 1
84781 1
83399 3
11370 1
60321 3
29399 2
78693 3
64058 3
98659 4
16347 5
46398 2
83446 5
31739 2
78693 4
14107 1
82887 4
29603 1
14107 4
89004 1
30206 5
14107 2
35281 4
50972 3
61292 1
89004 3
17020 3
97409 4
31402 5
971 3
11998 3
31739 4
971 3
70597 3
17020 1
70735 3
60321 3
89004 3
11998 1
82887 3
52881 4
84781 1
11998 5
70735 2
83446 3
63630 2
34358 3
60321 2
84456 5
87374 5
70735 2
34358 2
29603 5
61292 1
83399 2
19766 4
30206 3
89004 3
83446 1
31402 3
70597 4
52313 5
50972 2
83446 1
59556 5
52881 4
70735 3
46398 1
46398 1
98659 2
99193 5
87374 4
31402 2
97409 1
97409 4
24900 4
99443 3
46208 3
29603 2
46398 2
11370 3
59556 3
11998 2
24900 2
34561 2
971 2
17020 1
60981 2
44634 1
29603 5
52313 5
70597 5
52881 4
338 3
31739 1
99193 2
63630 3
70597 1
63630 5
82887 4
98659 1
82887 5
70735 4
98659 4
70735 1
84781 2
11370 5
14107 4
99443 5
30206 2
82887 2
31739 2
97409 3
59556 4
63630 5
44634 1
87374 5
52313 4
63630 3
59556 1
83399 2
50972 3
86038 2
11370 1
14107 4
70597 2
44634 4
34561 2
971 2
87374 2
29603 5
97409 5
63630 4
99193 2
19231 5
34358 1
971 3
84456 1
31402 5
14107 1
46398 4
351 1
99055 3
63630 5
52313 5
99443 4
46208 1
97409 3
99055 4
11370 2
46398 5
52881 3
84456 1
64058 1
51018 5
338 5
31739 1
29399 2
60321 1
351 5
29399 2
70597 1
99055 4
19766 5
338 3
30206 1
33771 4
46398 2
34561 4
99193 1
2191 2
338 5
99055 5
99443 3
52881 5
33771 4
19766 3
97409 1
11998 3
11998 4
338 3
50972 1
59556 1
83446 2
19231 1
19231 4
83446 2
84781 1
99055 2
19766 5
99443 2
351 5
50972 3
2191 4
338 2
44634 4
2191 3
29603 3
64058 3
11370 5
60321 5
351 1
60981 4
33771 1
84781 3
30206 2
97409 5
52313 3
98659 1
35281 4
78693 2
31402 3
52313 3
84781 5
44634 3
70597 1
34561 4
351 1
29399 1
338 2
98659 4
351 1
17020 1
31739 2
98659 3
89004 4
99193 1
63630 4
60321 5
46398 1
87374 3
61292 5
14107 4
83399 3
83399 4
89004 3
87374 5
16347 1
51018 5
98659 2
99055 5
17020 2
2191 1
338 5
16347 1
31739 2
84456 3
11370 1
84456 3
16347 3
30206 5
59556 4
70597 1
31739 1
338 2
83446 5
89004 4
89004 2
61292 4
61292 3
46208 3
14107 4
2191 3
61292 2
83399 5
83399 3
61292 2
63630 1
31402 3
14107 1
14107 5
83446 3
24900 5
19231 1
17020 2
84781 4
97409 5
31402 3
338 4
70735 2
64058 3
87374 2
29603 5
59556 4
99193 5
89004 1
34561 3
60321 3
29399 5
34358 1
70735 1
63630 4
51018 4
60981 2
63630 5
60321 3
99055 3
50972 5
46208 3
61292 2
31402 1
70597 2
46398 3
52313 1
2191 3
29603 5
98659 4
63630 5
33771 3
89004 1
971 2
30206 4
24900 1
89004 3
2191 1
52881 3
17020 5
83399 3
31739 4
84781 4
30206 5
24900 5
29603 5
50972 1
971 1
60981 5
60981 5
16347 2
11998 5
11998 2
82887 2
60321 2
34561 5
70735 5
98659 5
24900 5
84781 4
46398 5
99193 5
44634 3
83399 4
63630 3
31402 3
11370 1
34358 1
87374 3
98659 3
34561 3
2191 4
338 2
61292 3
29603 2
86038 5
11370 1
29603 2
64058 4
99055 3
83399 2
19766 1
99193 2
83446 3
52313 1
34358 2
33771 4
99055 1
35281 2
60981 3
46398 5
52881 2
19766 5
51018 4
97409 4
44634 1
64058 1
34561 1
29399 2
84456 4
82887 4
46398 1
99443 2
17020 2
64058 2
34561 5
351 5
84456 2
11370 5
83399 4
98659 4
338 4
34561 5
97409 2
86038 1
46398 4
16347 5
97409 4
35281 3
59556 2
99193 5
84456 3
11370 1
2191 1
60321 5
99055 4
46398 3
87374 3
52881 1
31402 2
52313 5
60321 2
97409 5
84781 1
82887 1
2191 2
82887 2
34561 4
63630 3
2191 5
70597 3
351 3
16347 5
31739 3
99055 5
89004 4
64058 5
61292 5
52313 2
33771 4
34358 2
51018 1
16347 5
52881 4
98659 1
84456 3
24900 1
30206 4
52881 2
83399 3
99193 1
11998 5
338 3
29603 4
34358 3
99055 1
70735 3
89004 1
99055 4
29603 1
50972 3
31402 5
2191 1
35281 1
31402 5
24900 2
87374 3
11998 5
46398 2
99443 1
61292 1
83399 2
17020 4
338 2
338 2
50972 3
50972 4
52881 4
31402 2
30206 5
14107 1
84456 5
60981 1
86038 4
82887 4
2191 2
70735 2
2191 1
16347 1
29603 2
63630 2
11998 5
11370 2
33771 1
351 5
64058 1
16347 3
29399 4
35281 2
60321 1
84781 4
31402 3
87374 4
84456 2
11998 1
51018 5
97409 5
99193 4
19766 3
84781 3
52881 1
84456 4
84781 4
99193 4
29399 3
29603 4
98659 5
83399 5
60981 5
99443 3
52881 2
99193 5
351 4
30206 2
971 5
99193 2
82887 3
24900 2
35281 5
46398 5
17020 1
19766 5
24900 5
50972 4
19231 1
351 5
70597 2
83399 3
338 1
46398 5
44634 5
86038 4
34358 2
99055 2
61292 3
17020 3
35281 2
24900 4
83399 3
87374 4
14107 2
31739 1
24900 3
19231 1
2191 5
24900 2
34561 2
87374 5
17020 5
29399 4
29399 1
351 2
84456 2
82887 3
52881 1
99193 4
52881 5
34561 1
50972 4
351 4
84456 5
44634 4
52313 5
971 4
97409 1
19231 2
29399 1
16347 1
64058 2
51018 1
29399 5
46208 5
82887 4
83446 5
351 4
2191 5
84456 1
24900 4
338 5
97409 2
60321 4
70597 3
89004 3
33771 5
11370 5
99055 2
63630 2
60981 5
14107 4
338 3
19766 1
29603 5
31402 1
24900 2
60321 5
46208 4
60321 2
34561 1
89004 3
99055 2
87374 1
46398 3
83446 3
19231 2
19766 5
14107 5
60981 2
29399 3
338 3
99193 1
64058 4
11370 4
82887 4
46208 3
99193 3
14107 5
84456 2
50972 4
83399 3
35281 4
34561 3
84781 1
63630 1
60321 2
61292 1
82887 5
97409 5
84456 3
51018 4
60321 3
98659 2
31739 5
60981 3
84456 4
29399 2
59556 1
44634 1
35281 5
97409 3
97409 1
64058 2
87374 3
70735 1
29399 3
46208 1
51018 1
99193 1
99055 4
14107 2
87374 2
60981 5
34561 4
52881 2
86038 2
86038 4
29399 5
64058 3
70597 3
50972 1
24900 4
60981 1
99055 2
46208 3
2191 1
83399 3
31402 4
99055 3
29603 5
70597 4
29399 1
31402 5
51018 1
51018 3
60321 5
84781 1
60321 3
86038 1
61292 1
61292 5
89004 1
31402 5
11998 2
63630 5
86038 4
84781 4
99193 4
83399 3
30206 5
82887 5
70735 2
84781 5
30206 2
11998 1
35281 3
78693 5
60321 5
86038 1
351 4
338 3
82887 1
63630 2
14107 4
30206 1
64058 3
24900 5
89004 1
99193 1
99443 1
17020 2
35281 4
19766 3
60321 4
31739 2
97409 1
83399 3
86038 1
19231 2
11370 5
19231 5
70597 1
70597 4
52313 5
30206 5
99055 3
19766 5
60981 3
19231 4
98659 5
78693 1
64058 2
35281 2
2191 4
31739 5
17020 4
34358 1
83399 5
11370 1
30206 1
98659 3
24900 2
29603 2
63630 4
78693 3
19766 3
70597 2
30206 3
46398 5
89004 5
99055 5
64058 1
64058 5
29399 5
82887 5
87374 1
99055 1
2191 5
99193 3
60321 5
19766 2
70597 1
60321 5
34358 4
14107 1
2191 2
51018 4
29603 2
31739 1
14107 2
60321 5
29399 3
64058 1
97409 4
11998 3
31739 3
19231 4
46398 3
98659 4
89004 5
70735 3
29399 3
30206 5
70597 1
46398 1
63630 1
51018 2
351 2
351 1
87374 5
17020 1
99193 3
29603 5
46398 3
24900 3
17020 1
46398 1
51018 2
64058 3
99055 2
60321 5
83446 5
44634 2
86038 1
63630 4
59556 4
31402 2
89004 5
35281 3
19231 2
2191 1
70597 1
98659 3
82887 3
83446 1
50972 2
64058 2
33771 3
51018 5
46398 1
35281 3
50972 1
63630 1
52881 3
19766 1
46398 4
351 5
31402 1
19766 3
35281 1
351 3
59556 4
11998 4
97409 1
34358 3
351 2
89004 1
971 1
14107 1
50972 1
14107 5
70597 4
70597 5
50972 3
78693 3
99193 1
51018 2
19231 5
99443 2
82887 2
78693 4
34561 4
86038 3
52313 4
99443 1
99193 4
24900 4
99193 1
98659 2
46398 4
83399 5
34561 5
59556 5
30206 1
19766 5
82887 4
46398 2
34561 1
70735 5
61292 4
338 4
99193 4
59556 2
99193 2
16347 5
99055 5
46398 3
86038 3
78693 3
35281 4
31402 1
60321 4
31739 5
83399 5
52313 3
971 3
11998 3
11998 4
61292 1
78693 2
24900 4
99443 1
86038 3
64058 2
60981 4
44634 3
29399 3
33771 1
2191 3
2191 5
29399 5
52881 4
34561 4
34358 5
52313 1
61292 3
70597 4
98659 4
19766 5
338 5
351 1
2191 4
84781 2
99193 4
87374 1
46208 3
31739 2
82887 3
351 1
46208 3
11370 5
24900 2
34358 5
24900 2
50972 4
34561 3
14107 3
338 5
70597 2
34561 5
52881 2
84456 3
2191 1
84456 2
61292 3
24900 3
59556 1
19231 1
24900 1
46398 5
70735 3
99443 1
84781 1
84781 5
31402 5
16347 3
17020 4
52881 3
11370 1
70597 1
34561 5
2191 5
11998 1
99443 2
70735 2
29603 1
83399 3
351 2
84781 4
83399 3
50972 2
31739 1
44634 4
971 2
63630 4
19231 2
99443 4
31402 5
70597 3
97409 1
50972 2
19766 1
30206 5
82887 5
16347 2
83446 3
14107 4
50972 2
99055 3
70597 5
351 2
97409 3
44634 2
338 2
31402 5
338 4
84456 4
46208 3
31739 5
99055 5
971 1
31402 3
70597 4
87374 2
82887 5
11370 1
60981 4
33771 2
87374 5
351 5
61292 2
34358 1
2191 3
60981 2
63630 5
35281 4
83446 1
99443 5
51018 4
61292 1
51018 3
971 3
70597 1
86038 5
29399 3
59556 2
30206 1
59556 1
83399 2
31402 1
33771 1
89004 4
61292 4
33771 5
99055 5
78693 2
29603 5
70735 4
34358 3
63630 1
44634 2
46208 3
99193 3
46398 4
97409 3
83446 1
2191 2
31402 5
16347 3
87374 4
46208 5
44634 2
19231 4
83399 5
83399 1
44634 2
83446 1
70597 2
98659 5
11998 3
82887 4
351 1
60321 1
17020 2
35281 4
82887 1
35281 3
19231 4
11998 1
84781 3
52313 2
89004 4
70597 2
86038 3
89004 3
84781 5
30206 2
82887 2
29603 4
35281 1
34561 4
351 4
17020 3
338 5
70597 1
83446 1
99193 5
46398 2
70735 5
70597 3
70597 5
59556 4
14107 4
338 1
99193 2
99443 3
16347 5
61292 5
31739 4
99193 3
14107 3
971 2
31402 4
99443 4
51018 4
351 3
60981 2
971 1
31739 5
351 5
89004 1
82887 2
44634 4
14107 1
50972 2
16347 2
97409 5
351 2
84456 5
87374 3
24900 1
31739 5
99055 3
44634 3
97409 4
33771 4
34561 1
99055 3
82887 3
351 5
86038 5
351 1
63630 5
70597 1
29399 5
98659 1
78693 5
82887 4
34561 5
33771 2
19231 2
99055 4
17020 3
14107 1
52881 1
2191 2
64058 5
338 3
50972 5
84781 5
70735 5
98659 5
19231 1
51018 4
86038 2
52881 1
46208 3
99193 3
29399 2
33771 4
59556 4
59556 3
17020 4
59556 2
16347 1
971 3
51018 2
29399 5
46398 1
33771 5
83446 4
31739 2
17020 5
70735 5
83399 3
2191 4
19231 1
61292 1
89004 2
70597 1
24900 4
2191 4
24900 1
70735 4
61292 5
84781 4
19231 4
99443 3
14107 3
52881 1
52313 3
52881 4
99193 2
30206 4
30206 2
86038 5
51018 5
60321 1
60321 5
29399 2
24900 1
60981 5
44634 5
34561 2
83446 3
97409 4
16347 2
97409 3
70735 2
29603 1
35281 4
52881 2
86038 3
78693 2
46398 5
29603 4
52313 3
24900 4
59556 5
29399 5
78693 2
63630 2
99193 4
31402 4
24900 2
61292 2
351 2
24900 3
86038 4
34561 5
35281 4
84781 5
89004 1
99443 4
83399 1
31402 2
17020 4
99443 3
63630 4
61292 4
78693 1
52881 4
29603 4
19766 4
78693 4
50972 4
338 5
86038 5
14107 3
60981 1
11370 3
99055 3
70735 5
78693 5
971 2
24900 1
46208 3
34358 2
30206 4
29399 4
83446 2
98659 1
29399 3
29399 2
78693 4
59556 4
99055 3
52313 4
82887 2
46398 1
60321 1
78693 3
29603 3
86038 1
30206 3
31739 5
29603 4
29399 5
35281 3
14107 4
99443 2
19766 1
31739 5
60321 3
29603 1
89004 5
59556 4
19766 5
30206 3
338 3
338 1
34561 1
70597 5
64058 1
99055 3
29399 5
97409 1
60321 5
87374 1
16347 2
44634 2
82887 5
64058 1
19231 2
51018 5
97409 2
17020 5
52881 3
34561 3
70597 3
31739 2
29603 1
63630 5
44634 5
11370 3
99193 4
46208 5
99443 3
78693 3
34561 1
99193 5
87374 1
29603 5
50972 2
60981 4
11998 4
83446 4
11370 5
46208 5
11998 4
99055 4
63630 1
31739 3
46398 1
46398 1
99193 3
51018 5
89004 5
83446 1
60981 1
70597 4
34561 2
44634 2
70735 2
30206 3
87374 4
99055 5
14107 3
87374 1
61292 3
98659 4
11998 4
60321 3
35281 3
351 5
84456 3
34358 4
11998 4
34358 1
16347 2
60981 2
16347 1
60981 1
52313 2
17020 1
29603 5
70735 1
2191 2
60981 2
84781 2
33771 2
11370 5
29399 1
84456 1
99443 4
97409 3
46398 1
84781 5
70735 5
89004 5
338 4
30206 4
99055 5
84456 1
33771 2
60981 2
31739 5
70735 4
19766 3
70597 2
29399 5
46208 3
16347 1
97409 2
78693 4
35281 4
51018 3
70597 1
99193 1
19766 1
19231 5
338 1
44634 5
99193 1
338 4
78693 5
84456 3
16347 4
60981 3
46398 4
63630 2
70597 5
89004 5
2191 4
99055 2
89004 1
19231 5
19766 2
50972 1
44634 2
61292 5
97409 1
44634 3
29603 1
59556 1
78693 5
70597 5
83399 5
89004 2
31739 3
30206 1
84456 4
44634 2
59556 2
70597 5
64058 4
99193 3
50972 3
87374 5
99443 1
46398 1
29399 3
11998 3
34561 1
31402 4
51018 4
11370 2
50972 4
64058 5
64058 3
52313 4
338 2
34561 2
34561 2
61292 3
78693 2
34561 4
44634 1
84456 5
33771 1
33771 3
60321 5
11370 5
35281 1
52881 4
35281 2
24900 1
19766 3
17020 3
52313 5
98659 3
50972 3
98659 5
24900 2
83399 4
52881 1
351 3
60321 1
35281 5
351 4
17020 2
59556 2
84456 2
83399 2
86038 2
971 5
11998 1
87374 5
99055 3
11370 3
29603 4
17020 1
29399 4
11998 1
19766 3
83399 1
84781 2
87374 4
351 3
78693 1
70735 4
84781 1
2191 4
34358 3
17020 2
16347 1
46398 4
52881 3
84456 4
17020 5
29603 3
83446 5
87374 4
35281 1
33771 1
14107 3
50972 1
46398 5
89004 4
351 3
78693 2
97409 1
33771 2
50972 5
2191 1
61292 5
86038 3
99193 2
52313 3
83446 5
19766 5
87374 4
82887 1
84456 2
11370 5
99193 2
97409 4
19231 1
46398 2
52881 2
64058 2
89004 2
99193 5
60321 1
70597 1
16347 2
338 3
64058 3
64058 4
11998 5
70735 2
971 4
60321 4
89004 2
64058 4
351 1
64058 3
78693 4
31402 1
29603 3
70597 1
52313 2
19766 2
24900 3
29399 2
19231 2
17020 2
338 3
64058 4
19231 1
338 3
31402 2
34358 5
51018 1
84456 5
84781 3
51018 5
63630 3
35281 5
59556 4
29399 5
61292 1
70735 4
60981 2
351 3
46398 4
84781 3
51018 2
29603 1
99055 3
351 3
31739 4
31402 1
89004 1
338 4
14107 3
29603 3
83399 1
78693 5
98659 4
60981 4
29603 4
89004 4
29399 4
14107 5
29603 3
44634 3
83446 5
34358 4
29399 2
98659 3
70735 3
46398 1
35281 3
30206 2
60981 5
51018 2
19766 5
59556 2
52313 2
86038 4
83446 3
351 5
97409 3
51018 1
70597 4
60981 4
11370 4
78693 4
63630 2
2191 1
11998 5
46208 5
30206 5
19766 1
19231 4
30206 2
98659 1
86038 1
19766 5
83399 3
31402 5
33771 1
63630 4
97409 2
84781 4
50972 2
84781 3
29603 5
338 1
35281 2
89004 5
351 3
60321 3
29603 2
64058 1
11998 5
52313 4
24900 1
87374 4
338 4
50972 5
78693 3
82887 2
99193 1
19766 3
44634 3
351 5
19766 2
99193 3
11370 5
2191 1
50972 5
52313 1
64058 3
14107 3
19766 4
46398 4
17020 3
14107 3
98659 5
11370 2
19231 3
19766 3
14107 1
46398 1
30206 5
97409 1
14107 4
83399 1
86038 1
60321 5
89004 4
52313 5
78693 3
99443 1
87374 3
19231 2
87374 1
51018 2
338 1
19766 4
46398 1
99193 3
52313 2
98659 2
19231 4
33771 2
60321 3
61292 3
46398 5
99443 3
70597 2
60321 5
46208 1
29399 5
89004 4
31739 3
30206 1
60321 1
29399 4
97409 2
29399 4
98659 1
11998 1
34358 3
24900 3
44634 4
83399 3
19766 4
84456 1
61292 1
70735 5
17020 3
83446 2
63630 5
87374 4
83446 3
82887 1
52313 5
30206 2
63630 3
61292 5
98659 1
33771 2
59556 2
17020 4
87374 3
31739 4
83399 2
52881 1
86038 3
14107 4
84456 5
84781 5
89004 5
89004 4
29603 4
46398 1
99193 2
98659 2
11998 2
44634 2
30206 2
17020 3
46398 1
84781 5
61292 1
70597 5
83446 3
14107 2
31402 1
29399 5
70597 3
84781 5
338 4
84456 2
44634 5
17020 3
30206 2
2191 5
351 5
83399 5
82887 1
70597 3
35281 4
52313 4
83399 4
98659 2
61292 4
971 2
98659 5
34358 4
11998 5
971 1
89004 3
29399 5
34561 5
34561 5
60321 2
70597 5
44634 1
2191 3
34561 2
99193 1
78693 1
31739 1
52881 4
82887 3
98659 4
2191 1
99443 4
46398 1
19766 1
44634 4
29603 5
2191 1
59556 4
31739 2
82887 3
34358 4
16347 4
46208 3
59556 5
34358 2
11998 2
52881 3
34358 3
34561 4
971 2
50972 2
31402 4
70597 5
87374 3
52881 1
44634 1
50972 3
61292 4
34358 4
61292 2
31739 1
98659 3
33771 4
83399 3
82887 3
31739 5
52313 5
2191 4
70597 2
52313 2
99193 4
19231 2
70735 4
99055 1
64058 2
87374 4
31402 4
87374 4
59556 2
61292 5
70735 2
70735 2
86038 1
338 2
46208 5
60981 2
35281 4
84781 4
99193 1
89004 3
51018 4
34561 3
338 5
30206 5
99443 4
61292 5
99055 3
60981 5
84456 5
89004 3
11998 5
70597 3
33771 5
33771 4
351 5
14107 2
351 4
11370 1
51018 4
44634 4
34561 2
19231 5
24900 1
50972 4
78693 1
52881 2
351 2
87374 5
83446 1
46398 4
61292 1
59556 5
70735 4
83399 1
83446 2
99193 5
11998 4
44634 2
64058 2
29399 1
19766 3
2191 2
44634 1
70735 5
60981 3
31739 3
971 1
99443 3
83399 5
2191 3
351 1
97409 5
63630 5
86038 3
70597 3
61292 3
83446 2
46208 5
87374 1
34561 1
84456 3
29603 2
2191 3
99055 1
34561 1
51018 1
89004 3
89004 5
51018 3
97409 5
78693 1
83446 1
338 5
34358 5
99055 1
83399 5
64058 1
11370 5
24900 2
59556 3
84781 1
60321 2
16347 2
19766 1
84781 2
338 1
97409 3
70735 3
50972 3
44634 1
17020 4
78693 2
30206 4
351 5
60981 1
46208 2
14107 1
99443 3
52881 1
64058 1
19231 2
29399 4
52313 4
11998 2
60981 3
97409 5
99443 5
46208 4
16347 1
60321 2
50972 4
24900 1
63630 3
33771 5
51018 5
33771 5
35281 1
60321 3
70597 1
83399 2
51018 4
35281 2
60321 1
99055 5
19231 2
83399 2
44634 3
99055 5
99055 2
86038 1
17020 5
338 5
84781 1
97409 1
84456 5
338 2
34358 1
83399 5
99193 2
70597 4
60981 1
82887 4
35281 5
51018 4
19766 3
52313 5
338 4
14107 2
44634 5
338 4
11998 5
89004 5
51018 1
30206 5
70597 1
98659 2
52881 4
52881 1
83399 2
82887 3
31402 4
351 2
351 5
971 1
14107 1
63630 1
29399 1
35281 4
17020 3
99443 2
50972 3
33771 2
60981 4
19231 3
44634 5
86038 2
31402 5
31402 3
63630 3
17020 5
86038 1
83446 2
97409 1
2191 1
61292 5
83446 1
82887 1
99055 4
84781 5
29399 3
83446 4
34358 2
84456 5
99193 3
63630 3
19231 4
46398 3
35281 3
971 2
50972 3
33771 5
98659 4
86038 1
35281 2
971 1
89004 4
70597 2
31739 3
14107 5
52881 5
99055 3
16347 1
2191 2
29603 4
83399 4
82887 3
2191 1
34561 2
34561 1
98659 1
60981 1
61292 3
87374 2
60321 3
11998 3
31402 4
34358 5
29603 4
31402 4
84456 4
99055 1
84456 2
99443 1
99443 1
99443 3
14107 2
24900 3
63630 1
97409 5
64058 1
351 5
46208 2
64058 5
33771 3
99443 5
19766 2
87374 2
51018 4
351 4
64058 2
33771 2
83399 2
84781 4
17020 3
50972 2
31402 1
29603 4
97409 3
19766 1
338 1
52881 4
63630 3
2191 3
44634 4
33771 3
35281 1
50972 3
78693 5
14107 1
64058 1
51018 5
33771 3
84456 2
83446 1
87374 3
351 4
89004 1
35281 2
16347 1
11370 4
35281 5
50972 4
99055 3
84781 4
34358 4
84781 4
17020 2
98659 1
46398 4
33771 2
83399 5
78693 3
29399 1
46398 3
78693 2
70735 4
89004 2
34561 4
14107 4
87374 5
338 3
61292 2
99055 3
99055 1
31402 1
50972 1
84781 5
50972 3
60981 5
31739 4
19766 2
97409 5
351 3
33771 3
99443 1
46398 1
11370 5
78693 2
34561 5
78693 2
46398 1
60321 1
44634 5
98659 4
34561 4
50972 3
33771 3
59556 2
83446 1
59556 4
971 1
52313 3
59556 3
52313 5
83446 5
70597 4
44634 3
29603 5
34561 4
83399 2
99193 4
89004 1
99443 2
46398 4
50972 1
63630 3
61292 5
14107 2
46208 3
60981 2
78693 3
16347 3
84781 1
351 3
11370 3
14107 4
351 3
44634 1
52313 1
83399 4
971 5
87374 3
86038 4
52313 4
60981 5
16347 5
33771 2
50972 4
31402 3
97409 4
99055 4
70597 5
34561 5
29399 4
44634 2
46398 4
84456 3
351 3
19766 5
60981 5
24900 5
50972 2
35281 5
46398 1
83446 3
99193 4
97409 4
46398 2
46208 1
59556 2
338 1
351 2
351 2
97409 5
82887 4
24900 3
64058 5
97409 2
86038 5
44634 3
34358 2
971 3
16347 4
30206 5
99193 2
99193 2
84781 3
84456 2
34561 4
50972 2
338 3
70597 3
34561 4
63630 5
29603 2
63630 5
60321 3
19231 4
30206 4
30206 4
87374 4
2191 3
99443 5
84781 1
84456 3
19766 1
78693 3
971 2
99055 3
84456 2
63630 1
52313 3
33771 4
98659 3
50972 5
351 2
2191 5
51018 2
50972 4
351 3
60981 2
35281 1
46208 2
63630 2
97409 2
84456 2
78693 5
70735 2
60981 5
46208 1
64058 4
17020 4
351 4
52313 3
82887 3
2191 1
30206 2
99443 1
46398 1
19766 3
83446 2
86038 1
83446 1
59556 4
64058 2
82887 4
64058 1
46398 2
99193 5
34561 2
29603 5
19231 4
84456 3
30206 2
351 3
63630 2
338 4
59556 3
83399 5
35281 3
86038 1
98659 1
971 2
97409 1
99443 3
29603 1
29399 4
86038 5
83399 2
19766 4
61292 2
29399 2
99055 5
63630 5
50972 4
59556 4
70597 1
97409 4
51018 5
34561 2
87374 5
84456 5
99443 5
14107 4
52313 4
97409 2
87374 5
34358 5
99193 1
50972 4
34561 2
99055 4
33771 3
99055 4
44634 3
51018 5
63630 4
30206 1
29603 4
52313 1
19231 4
97409 5
60321 4
31402 5
97409 5
84781 4
70735 2
97409 5
89004 3
31739 4
82887 5
84456 5
51018 5
84781 3
16347 3
70597 3
971 2
50972 3
83446 5
97409 5
50972 4
2191 1
44634 4
351 2
17020 2
51018 4
19766 4
19766 3
84781 4
84781 5
61292 5
82887 4
338 1
351 5
52881 3
84781 5
52313 1
29399 4
14107 4
338 3
14107 1
61292 3
11370 3
59556 3
29399 2
78693 4
86038 5
52881 4
99055 1
29603 3
70597 5
99055 1
64058 1
24900 3
29603 1
34358 1
19231 1
11998 1
24900 2
35281 3
34358 1
44634 3
14107 5
35281 2
30206 1
29399 4
83446 5
70597 4
46398 5
14107 1
33771 2
86038 1
59556 3
61292 4
64058 1
11998 4
89004 2
60981 3
99055 1
87374 4
98659 3
83446 5
31402 2
46398 4
46208 2
97409 1
33771 4
70735 5
19231 3
19766 3
2191 5
17020 1
59556 1
64058 5
14107 1
351 3
51018 1
50972 4
99193 5
87374 2
14107 2
97409 4
52881 1
60321 5
50972 4
99055 5
33771 2
84781 1
59556 2
83446 4
82887 1
351 4
70735 2
52881 2
971 5
31739 4
30206 4
82887 2
19231 3
78693 4
30206 5
70597 5
89004 5
61292 4
14107 2
338 5
19766 2
971 5
46398 4
99443 2
99443 3
46398 5
35281 3
89004 3
31739 2
52881 2
99193 2
338 4
84456 4
60981 4
60321 1
64058 4
50972 4
50972 3
52881 3
31739 1
46398 4
84781 2
34561 2
78693 3
30206 3
83446 4
86038 3
78693 3
70735 1
971 2
46208 2
52313 2
64058 1
84781 3
35281 1
24900 5
34561 1
84456 2
98659 4
78693 3
971 3
70735 3
59556 4
35281 2
338 5
46398 5
34561 5
84456 5
78693 2
351 2
82887 4
11370 3
16347 5
83399 4
63630 4
19766 3
11370 3
61292 4
98659 5
24900 4
86038 2
31739 4
61292 3
29603 5
70735 3
84456 5
83399 3
59556 2
59556 4
84781 2
17020 2
2191 5
11998 2
46208 4
30206 5
97409 1
52313 4
52881 4
19766 5
51018 3
97409 2
29399 4
34561 5
84456 2
30206 2
30206 5
70735 5
46208 1
98659 4
70735 5
50972 5
29399 4
64058 3
31402 2
29603 3
70735 2
29603 3
84456 4
97409 5
52313 4
19766 3
351 3
31402 4
70597 1
82887 1
99055 2
2191 3
52313 1
98659 1
59556 3
70597 5
60321 2
52881 4
971 2
2191 5
99443 2
59556 2
338 5
99055 2
338 4
87374 3
60321 4
82887 2
50972 4
16347 3
59556 3
99055 3
52313 5
971 3
971 2
83446 5
60321 3
19231 1
99193 5
338 5
34358 4
19231 2
78693 1
60321 2
19231 4
50972 2
11998 2
34561 4
70735 1
30206 4
63630 5
46398 4
34561 3
70735 3
99443 3
34561 4
35281 3
51018 1
16347 5
78693 3
17020 3
2191 1
63630 5
31402 2
33771 1
16347 1
51018 4
61292 4
19231 2
971 1
14107 3
29603 5
34358 1
2191 4
84781 3
31402 4
338 5
46208 1
52313 2
99193 3
46398 3
70735 4
60981 1
29603 1
99193 3
60981 4
14107 4
2191 2
34561 4
35281 3
70597 1
83399 5
338 2
82887 2
51018 5
29399 4
29603 2
971 2
29603 3
29399 3
52313 5
17020 3
2191 3
50972 3
971 1
44634 1
351 4
971 1
16347 1
351 5
86038 4
84456 1
87374 2
59556 5
52881 1
97409 4
29399 2
30206 1
11998 4
19766 3
87374 4
83399 1
34561 5
78693 4
46398 1
51018 2
99193 2
24900 2
70735 1
86038 2
35281 2
34358 4
351 2
97409 5
87374 3
70597 3
33771 1
52313 2
60321 2
44634 2
83446 1
16347 2
50972 4
84781 4
83446 5
83446 4
84456 3
35281 5
31402 3
70735 1
89004 5
60321 5
34358 5
30206 2
17020 2
2191 1
78693 4
31402 1
46398 3
89004 1
60321 5
61292 2
59556 3
99193 3
17020 4
46398 5
24900 4
63630 5
52313 5
98659 5
17020 2
33771 2
52881 1
83446 1
11370 4
11370 2
971 2
46398 2
11370 3
83399 5
63630 5
29603 5
34358 3
61292 2
99193 3
83446 1
70597 1
82887 1
35281 5
99443 3
61292 4
70735 5
59556 1
971 4
24900 3
46208 3
99055 2
971 4
89004 3
51018 4
351 3
44634 3
60981 5
2191 1
52881 3
16347 4
89004 1
351 4
89004 1
59556 5
33771 5
60321 2
19231 4
16347 4
351 1
34358 5
34561 3
24900 1
63630 4
17020 5
30206 3
99443 3
2191 3
86038 5
84456 5
61292 2
46208 2
24900 4
87374 1
33771 2
78693 4
971 2
11998 2
19231 4
83399 2
70735 1
11370 5
46208 5
29399 1
61292 1
51018 3
35281 1
29399 4
34561 3
34358 3
