5
Accion
Comedia
Drama
Terror
Documental
50
35977 Accion
47296 Comedia
78342 Drama
41293 Terror
98371 Documental
94684 Accion
51561 Comedia
3127 Drama
39069 Terror
91100 Documental
74013 Accion
40346 Comedia
89672 Drama
50930 Terror
66318 Documental
45515 Accion
7311 Comedia
2492 Drama
30874 Terror
27295 Documental
42540 Accion
17333 Comedia
68680 Drama
81948 Terror
40597 Documental
27911 Accion
31273 Comedia
11898 Drama
5601 Terror
79080 Documental
63353 Accion
41577 Comedia
26375 Drama
58046 Terror
99222 Documental
41098 Accion
69081 Comedia
50782 Drama
44224 Terror
8149 Documental
58233 Accion
34588 Comedia
48494 Drama
47904 Terror
85517 Documental
31163 Accion
9770 Comedia
9179 Drama
33654 Terror
56995 Documental
1000
68680 4
31273 5
58233 5
66318 5
17333 1
47904 1
47904 4
42540 5
45515 1
9179 1
33654 5
11898 5
41098 2
51561 2
31273 3
47296 5
3127 5
94684 5
51561 5
50930 5
69081 3
94684 3
11898 3
33654 5
63353 2
99222 4
11898 4
40597 5
40346 4
17333 4
31163 5
8149 5
41293 2
41293 2
45515 2
34588 5
27911 2
69081 3
81948 5
33654 4
26375 5
99222 1
35977 1
40597 4
47904 3
47296 1
17333 3
85517 3
44224 3
44224 2
7311 5
74013 2
11898 4
9770 4
26375 5
39069 1
41577 5
11898 2
94684 4
85517 1
47296 4
47904 3
48494 5
56995 2
8149 1
8149 1
27295 2
33654 5
56995 5
78342 2
34588 3
33654 3
3127 3
41293 3
41577 3
66318 3
31163 3
51561 1
56995 4
17333 4
33654 3
47904 5
50930 2
30874 3
44224 3
31163 5
41098 2
47296 3
81948 5
51561 5
41293 3
44224 2
26375 1
34588 2
94684 5
27295 4
31273 5
40597 2
3127 1
94684 1
27295 3
40597 5
33654 3
33654 5
41577 2
5601 3
41577 5
44224 4
7311 5
9770 2
47904 3
31273 2
41577 1
89672 1
9179 5
44224 3
17333 5
17333 1
48494 3
85517 1
63353 5
89672 2
47904 3
31273 2
41577 3
26375 2
8149 1
9179 3
50930 2
50930 1
63353 4
11898 3
2492 2
68680 5
27911 4
50782 1
48494 5
27295 4
78342 1
47296 1
30874 2
89672 5
9770 2
26375 5
81948 3
42540 1
35977 3
3127 5
35977 2
41577 1
47296 4
41577 2
27295 1
69081 4
9179 3
91100 3
81948 4
11898 1
99222 2
41577 5
74013 2
2492 3
47296 2
41577 4
74013 3
79080 2
63353 3
3127 3
66318 4
27911 2
41577 5
79080 2
91100 4
5601 2
27295 1
3127 5
50930 5
34588 2
47296 3
42540 2
50782 5
40597 5
40346 3
17333 1
11898 3
44224 4
58046 3
2492 4
27911 1
8149 2
3127 2
27911 4
81948 4
8149 5
47904 2
50782 1
89672 2
47296 1
31163 4
78342 4
42540 2
58046 1
74013 1
33654 4
33654 5
99222 1
44224 3
5601 2
63353 4
50782 1
41577 2
3127 5
8149 5
27295 1
26375 3
39069 5
50930 2
91100 1
85517 1
50930 3
47296 4
9179 5
74013 2
78342 3
9770 5
30874 3
2492 1
81948 3
99222 4
48494 4
2492 1
40597 3
47904 5
3127 3
9770 2
79080 3
17333 5
50782 4
94684 5
11898 4
41577 1
26375 4
81948 2
94684 5
56995 5
63353 2
56995 5
33654 1
58233 3
99222 2
63353 5
99222 2
47904 4
69081 1
66318 5
41293 3
40346 3
9770 2
47904 4
9770 5
41293 4
74013 5
26375 1
47296 4
42540 2
40346 1
78342 3
98371 3
42540 1
9179 3
98371 3
99222 2
8149 3
98371 4
44224 1
11898 4
63353 1
56995 4
78342 2
44224 3
8149 5
27911 2
9179 5
44224 5
27295 3
39069 2
34588 1
85517 1
79080 4
45515 3
47296 1
89672 2
50782 3
85517 2
45515 5
7311 2
99222 2
9179 4
68680 3
98371 2
31273 4
2492 3
39069 4
56995 3
89672 1
3127 4
89672 5
85517 2
58046 2
48494 1
27911 4
51561 5
47296 1
85517 4
48494 5
2492 4
66318 2
50782 5
35977 3
50930 3
98371 1
11898 2
48494 2
2492 3
89672 2
5601 4
68680 5
56995 1
58233 2
56995 5
31163 4
94684 5
98371 3
41098 2
79080 4
42540 4
27295 3
47296 4
17333 1
58233 4
26375 1
81948 2
94684 1
41577 3
17333 3
58046 4
35977 1
79080 1
58046 5
50930 5
89672 5
33654 4
41577 2
9770 3
68680 5
44224 2
91100 4
89672 2
44224 1
45515 2
5601 5
79080 4
8149 4
41098 5
40597 5
8149 3
58046 5
42540 2
58233 5
27295 5
74013 5
42540 5
68680 5
44224 2
63353 4
40597 1
98371 5
58233 2
66318 2
42540 5
11898 2
31273 3
78342 4
5601 4
27295 5
91100 5
74013 3
47296 4
30874 5
9770 1
85517 1
74013 5
31273 2
9179 2
79080 5
63353 2
58046 4
30874 1
39069 4
63353 4
35977 1
91100 1
68680 1
47904 1
47296 2
34588 4
89672 4
56995 4
98371 2
41577 4
2492 2
34588 1
17333 2
69081 1
89672 2
74013 3
39069 5
40597 1
26375 4
81948 1
40346 2
58046 1
17333 3
7311 2
63353 3
40346 4
40346 1
33654 3
7311 5
66318 4
41293 2
58233 2
9770 1
85517 1
41098 5
2492 4
50782 2
40597 4
41098 1
99222 2
50782 4
66318 1
41293 3
41098 2
56995 5
35977 3
31273 3
45515 5
91100 5
51561 2
63353 4
31163 3
31273 5
31273 3
91100 3
63353 4
74013 5
56995 1
39069 2
50782 5
41098 3
50930 4
41577 5
8149 2
58233 3
50782 2
81948 3
44224 5
41293 5
50930 3
11898 4
50930 5
8149 5
94684 1
35977 5
91100 3
41577 4
41293 5
78342 5
94684 3
48494 4
45515 1
11898 5
7311 2
42540 3
31163 5
11898 1
8149 3
40597 2
2492 2
58233 4
66318 4
47296 5
50782 1
50930 4
35977 1
44224 1
68680 1
17333 2
33654 3
27911 5
34588 3
98371 3
17333 2
5601 1
3127 4
27295 4
34588 1
48494 5
31273 4
40597 2
45515 5
47904 4
79080 1
41577 1
3127 2
31273 1
39069 1
58046 1
50930 2
42540 2
63353 2
85517 4
89672 5
98371 1
9179 1
30874 3
85517 2
78342 2
31273 4
51561 1
34588 3
69081 3
66318 5
99222 4
63353 2
47296 3
33654 3
44224 1
69081 3
78342 1
27911 1
33654 5
41577 3
31163 1
69081 4
31163 5
50782 2
41577 3
35977 1
63353 4
68680 4
9179 3
63353 1
26375 3
63353 2
78342 1
51561 3
40597 5
94684 3
56995 4
27911 1
68680 4
5601 2
2492 2
81948 5
7311 3
26375 4
27295 3
47296 4
41577 2
8149 5
44224 3
44224 5
50782 4
69081 2
44224 5
58046 2
79080 5
27295 4
31163 3
9179 2
58233 5
31273 2
47904 3
45515 1
74013 5
40346 4
98371 5
50930 2
47904 2
79080 2
2492 1
85517 2
79080 1
85517 5
39069 4
50782 1
40597 4
40346 4
34588 4
47904 2
41098 5
78342 5
94684 3
63353 1
30874 2
99222 2
31273 4
99222 1
9770 2
79080 2
40597 2
51561 5
26375 5
27295 4
33654 3
31273 1
30874 4
40597 4
31163 2
40597 2
2492 1
78342 2
58233 4
47296 2
27295 4
48494 2
47296 1
9179 4
42540 2
39069 1
63353 1
94684 4
45515 2
81948 2
50782 5
79080 2
91100 4
78342 1
17333 2
69081 4
8149 2
34588 3
41577 4
31273 2
51561 5
81948 2
17333 1
69081 3
40346 5
35977 1
40346 5
3127 1
89672 2
68680 1
2492 2
5601 2
48494 5
56995 4
91100 3
11898 1
50930 1
41293 1
41577 5
40597 5
47296 2
31163 3
94684 5
99222 5
45515 3
98371 1
42540 1
47904 3
51561 5
50782 2
17333 5
58046 3
2492 3
40597 1
5601 4
85517 5
40597 2
34588 2
9179 4
35977 1
41098 2
35977 3
34588 4
27295 4
44224 2
7311 2
81948 2
35977 1
44224 5
58233 3
68680 2
33654 4
63353 1
41577 3
42540 4
48494 1
58233 3
66318 4
44224 4
58046 4
34588 2
8149 2
41293 3
51561 4
7311 4
89672 2
50782 2
8149 3
41293 4
85517 4
51561 5
63353 4
41577 5
99222 2
79080 3
56995 1
27295 2
50782 5
58046 1
2492 5
9770 3
48494 4
47904 5
78342 2
3127 4
17333 1
50782 2
66318 2
31163 4
48494 5
2492 5
9770 4
41098 1
89672 1
41577 3
17333 5
66318 5
89672 3
33654 2
94684 1
66318 2
42540 3
11898 2
27911 5
99222 5
35977 5
50930 4
48494 1
99222 1
68680 3
50782 5
9770 4
39069 1
74013 4
31273 3
45515 3
31163 1
9770 5
40597 2
33654 1
34588 1
66318 2
33654 3
3127 5
66318 5
41293 4
27911 2
51561 1
50930 4
47904 5
41098 4
99222 1
9770 1
98371 1
78342 5
63353 1
51561 1
47296 5
98371 4
34588 4
58233 5
17333 1
9770 3
41293 5
31163 2
47296 3
3127 3
66318 4
2492 1
27911 2
31273 1
7311 3
78342 4
44224 4
5601 5
31273 1
31273 5
44224 5
31273 2
58046 4
8149 2
3127 2
81948 4
56995 4
47904 5
66318 5
26375 4
41293 2
47296 3
31163 2
81948 2
98371 5
17333 3
81948 5
41098 5
27911 5
9179 5
17333 4
39069 3
30874 2
9179 3
81948 2
45515 4
2492 4
42540 3
78342 2
69081 2
31163 5
35977 2
39069 1
26375 1
91100 5
42540 3
98371 4
94684 3
41577 5
94684 2
41098 3
41098 3
47904 3
45515 1
41293 2
41293 5
74013 4
68680 1
58233 5
39069 2
41098 4
99222 1
39069 2
89672 2
31163 5
33654 1
85517 4
99222 3
48494 2
99222 2
98371 5
9179 2
85517 5
50782 5
81948 3
41098 1
11898 2
35977 3
89672 1
5601 5
69081 4
34588 1
50930 4
27295 2
79080 1
78342 5
85517 5
35977 4
30874 5
40597 4
69081 3
41293 1
41098 2
78342 4
17333 2
91100 5
91100 4
58233 4
41577 2
79080 1
27295 2
9770 1
26375 3
98371 1
44224 1
31163 3
48494 4
48494 4
98371 1
5601 3
5601 5
50782 3
48494 5
89672 4
48494 4
69081 2
40597 3
11898 2
79080 4
39069 1
50930 4
9179 4
78342 5
44224 4
69081 4
44224 5
3127 3
98371 3
51561 2
11898 1
74013 4
89672 2
9770 5
31163 3
40597 4
9179 5
91100 2
56995 4
69081 3
81948 5
3127 2
34588 3
44224 1
27295 2
50930 2
9179 1
89672 2
66318 4
78342 5
50782 2
66318 1
45515 4
41577 1
44224 5
98371 3
9770 3
81948 3
41577 5
99222 1
89672 5
33654 2
27911 3
68680 5
42540 2
35977 4
78342 2
31163 1
48494 4
50782 1
35977 4
48494 2
94684 4
41098 4
99222 5
44224 2
30874 5
74013 1
47296 3
99222 5
91100 2
99222 4
41293 5
41098 1
91100 3
11898 5
7311 1
3127 4
58233 3
89672 5
40346 3
68680 3
47904 3
11898 1
2492 5
17333 4
35977 1
47904 1
69081 5
78342 3
41293 1
3127 2
78342 2
31163 3
91100 5
30874 3
50930 3
98371 3
