5
Accion
Comedia
Drama
Terror
Documental
50
71897 Accion
46898 Comedia
96080 Drama
8456 Terror
15735 Documental
21665 Accion
49077 Comedia
85678 Drama
8704 Terror
61099 Documental
65549 Accion
70476 Comedia
29577 Drama
99060 Terror
57276 Documental
89289 Accion
78093 Comedia
67701 Drama
27098 Terror
17694 Documental
78476 Accion
96612 Comedia
67893 Drama
93390 Terror
50112 Documental
45212 Accion
14529 Comedia
72146 Drama
74125 Terror
86730 Documental
6137 Accion
62373 Comedia
49979 Drama
18568 Terror
70828 Documental
82066 Accion
40232 Comedia
19905 Drama
67743 Terror
48936 Documental
97355 Accion
49643 Comedia
35763 Drama
26931 Terror
65055 Documental
93038 Accion
32571 Comedia
59499 Drama
60738 Terror
76020 Documental
100
49643 5
6137 5
15735 2
59499 5
40232 2
89289 5
26931 5
49643 2
61099 1
72146 2
29577 4
93038 5
99060 5
70476 1
60738 2
15735 5
89289 2
45212 5
72146 4
49077 2
32571 2
35763 3
89289 2
99060 5
70476 3
72146 4
45212 1
76020 1
50112 3
72146 3
99060 2
57276 2
17694 2
96080 4
78093 4
78093 4
6137 5
21665 1
93038 1
67893 4
57276 2
18568 2
14529 3
62373 4
32571 1
45212 1
26931 2
49643 3
18568 4
65549 2
15735 3
57276 5
67743 2
62373 4
26931 1
26931 5
85678 4
71897 1
29577 4
67743 4
26931 2
27098 2
61099 2
60738 5
85678 5
32571 2
67743 1
59499 2
70828 4
70476 5
70828 2
48936 4
70828 5
6137 2
93390 5
15735 2
19905 1
21665 2
67743 4
49643 3
57276 5
65549 3
76020 3
6137 1
40232 4
89289 3
76020 5
67701 4
93038 3
86730 4
27098 2
19905 1
99060 3
15735 2
59499 3
76020 3
40232 5
78093 3
17694 3
45212 3
