4988
3116
4360
4219
5342
6658
4570
6938
6633
4151
6630
3151
6268
4752
4607
5192
5952
3744
768
350
3679
6947
5243
4974
5952
5513
3050
5471
4886
2281
3965
5214
4554
6611
4042
3486
4162
6257
5475
5817
6765
5575
5691
5898
6598
4725
2512
4209
4680
5290
3741
6311
6203
6570
4943
5210
4850
4398
4785
4482
6754
5998
5912
3723
6114
6133
4120
3956
6027
6282
6542
5083
5308
4888
1864
6154
5577
4902
6059
6853
6895
6108
4549
4847
5007
4243
2208
1273
5546
4472
5301
3286
5108
5678
4470
5439
4921
5251
4825
3215
3262
5936
3638
1487
6090
4982
4905
6943
6307
1446
5733
4863
5556
4201
6735
5707
6649
6677
6120
5436
6543
6691
5713
6632
2550
6181
4669
3919
6575
6573
6524
4825
4442
6336
3125
1282
1663
5218
5070
6210
6287
5857
5547
3232
5902
6660
3039
3920
6308
5298
5133
5697
3964
4576
6949
4779
6695
5605
5072
5528
3477
6403
1393
6141
4809
5560
6138
5929
3436
4976
2330
6114
5076
6756
4166
6236
6691
6093
6247
4384
6437
4470
6184
4078
5901
5485
2760
4256
4891
2986
6782
3665
3730
5500
5016
5882
6083
6020
5700
6876
6255
5400
3186
5722
5623
2671
5235
3586
5598
5978
4643
2447
5660
4316
2807
4783
5124
6073
4878
5646
6704
5723
3761
2124
4716
3765
5865
6050
6924
6602
4856
4228
4538
6336
2246
3161
4124
4284
6293
6399
5963
2312
4110
5819
6064
3809
2919
6058
5144
5894
5355
4737
4185
6208
3126
5477
4982
6715
5433
5853
4971
4487
6370
2661
6843
3854
4915
4507
6368
5951
4468
6841
2854
5228
6199
4131
6825
6832
4882
3805
6921
6450
1459
4033
6897
6708
6186
6318
4863
6569
6946
5606
5949
5775
6917
3410
6497
4581
6605
3216
3267
4115
6369
4965
6789
6677
5118
2301
3688
5531
6707
2843
6649
6262
5952
3037
5318
6182
6537
5032
6715
6543
5649
6755
6437
6444
6643
6305
6089
6122
3436
3676
5608
6183
2467
4555
2486
3796
6824
6609
1856
5606
4687
5491
5715
4300
5513
6007
6853
5168
3111
5171
6485
3799
6890
6955
5954
2276
5790
4721
4537
6327
5639
3744
1737
6203
6908
4658
5104
5364
5093
5106
6520
3876
4939
3550
4837
4812
3669
6932
6292
4908
4837
5687
5941
5684
2806
6276
5490
5089
6785
3766
4302
4840
3341
6858
2382
6750
6931
5117
5673
5689
5254
3205
2919
4421
4725
5001
4725
4824
6147
5100
6902
5018
4645
2346
4541
6818
5070
6129
6702
4623
6120
3682
6229
5338
4824
5724
4194
6060
6586
6539
5549
4302
6409
6062
1895
4762
3294
5492
4730
4838
3936
2966
3850
3767
3549
4572
6172
5645
2716
6158
6472
6615
1963
3235
5768
4281
5053
2601
6272
5907
6568
4745
5854
6487
5811
4161
6248
5797
3266
1679
1500
4707
3323
5668
3514
3654
3794
4217
4764
6504
4230
6144
6760
6494
5131
3955
2616
6223
1559
2878
4909
6895
4755
2796
3581
5632
6256
4073
6851
3913
2501
2375
6017
5581
4750
2731
5877
6498
4545
6035
5001
4743
5048
2507
2150
6049
3155
6501
5985
5499
5308
3708
3923
4013
5923
1388
2545
6192
6633
4228
6093
6152
6552
4987
6131
5720
5970
4223
4482
3928
3953
6789
5703
6953
3560
6857
6465
3748
6139
6293
6029
5650
6844
6723
3981
4637
5708
6910
3223
5276
6346
6619
6554
5243
6708
6358
6335
4792
5525
2919
4190
5811
6262
3302
6555
5126
4423
5041
4432
5803
6476
4281
5626
5260
6246
6244
2518
6586
6874
5582
3152
5087
4825
4751
6235
6655
5900
3671
5878
3728
6574
4569
6180
6192
5447
6156
5553
5347
2012
4654
6870
6199
5748
4381
5222
6771
6401
4340
6536
5998
5804
5447
5681
4900
6502
4099
4395
4247
6015
5486
4973
3972
4751
2859
4190
4843
6406
2419
6470
3943
4682
3855
4453
4803
6432
5580
6272
5749
5904
4501
6592
4683
5305
5292
6352
4624
6930
3905
4695
6960
3529
5761
4178
4762
4678
6424
3320
3630
5539
3736
1021
6362
6333
4131
5674
6464
1753
4829
4303
3290
4476
4167
6566
4010
1287
5099
3242
4618
5719
6280
5620
6339
3963
4244
6682
6880
6467
6338
5170
4940
4990
6048
5451
1785
6820
5483
6729
4391
5221
5748
5647
5152
4844
4436
2771
3023
6531
6944
5614
4731
6250
6888
6870
4734
6062
6697
4333
4139
4675
6445
6564
5261
5959
3217
4803
3653
6960
3683
3956
3876
4504
6012
6675
6142
2427
4207
5932
6472
6643
6919
5655
6126
5952
5874
2258
6960
5154
5422
5232
2706
5927
3837
5329
4914
5851
6952
5785
5170
6439
4452
3977
4343
4002
5421
4824
6509
6104
3015
5378
5113
3907
5860
6565
6477
1199
6356
3309
5473
6763
6007
4317
5468
3094
3604
5729
4484
6227
6835
2290
5804
5213
4649
6866
5504
3239
5635
4437
6872
6020
4145
5907
5968
5137
6679
5035
3551
4391
6488
6404
6800
6612
4078
2750
1474
6362
5416
3979
4227
5098
640
6364
4935
6907
3005
4703
6091
3117
5934
2474
5275
4513
2654
4746
5434
6425
4899
3156
6249
2806
3810
6335
4727
4706
5833
5503
5938
4396
1672
6302
6676
2888
3749
3193
4709
3465
4924
743
4855
6069
5544
5751
5442
6461
4439
6039
5858
4824
5757
5265
6775
3126
6653
5354
4663
4151
5213
6206
5973
6878
4730
4337
6036
5112
6148
3728
5175
5642
6780
6548
4330
6902
6210
6857
2260
6138
6333
5995
3238
3319
6219
3651
6109
6891
6158
3604
4491
3699
6095
5909
6582
3717
6940
6641
4375
5947
6307
6275
6806
4934
4870
2966
324
1421
3966
5895
1610
4096
6526
5542
5830
5835
2604
6882
5963
6556
6175
3472
2905
5978
5650
6043
6166
6433
6230
1856
6522
2540
4741
4715
1801
6777
6380
4104
6943
6533
5633
4850
4559
5298
5657
6719
6806
6871
5573
5003
5489
1634
6847
5943
4126
4030
4221
5117
3706
6176
5982
4638
4828
3763
6191
3263
5736
4525
5455
3805
6192
6204
4994
5217
5659
1709
6795
4349
5850
5141
5175
6791
1943
4499
1738
4273
5101
4453
3530
6853
1300
3759
4900
5466
5628
4057
4117
3264
2374
4199
4876
4376
5545
5073
5605
2141
6395
2673
6815
5264
4224
3424
5553
5861
6893
6661
6364
5039
5341
4049
5440
6599
4950
5612
5502
5809
6809
5253
3239
4685
6429
6792
6676
5767
6403
4550
5031
6628
5437
5372
6075
3349
5672
5150
6027
4268
6501
6835
4608
3142
6905
6610
3849
5260
4307
6158
4819
6637
4734
5459
6369
3684
3209
5649
6621
2063
6003
6692
4538
5313
5515
6827
5014
4527
5788
6510
2777
4489
5645
4093
6500
3904
6216
4022
5293
4919
6222
6154
1410
5615
5778
3845
5424
5275
5728
6345
6900
6171
5761
5904
5837
4883
6296
6440
3677
6398
3065
6928
4135
3786
6013
6415
4321
6720
3547
6401
6368
5211
5964
6929
5487
4041
6262
6793
6876
6616
6104
5542
5327
6165
5458
6682
6096
4370
3275
3848
5255
4069
4604
5969
5934
5968
3562
6000
4820
3767
5323
4162
5669
2874
4356
6412
5562
4127
3575
2109
5906
6019
3564
5469
6383
5177
5559
2086
3397
6617
3902
5809
6571
4633
4422
5918
4803
2789
6268
3746
6610
3608
2276
4106
4276
5831
2508
4931
6629
5076
3085
6117
6663
6171
4911
4104
3850
5381
5726
6910
6037
3365
6559
5466
4684
4314
2773
5773
5035
3196
6454
6525
4637
3941
6758
3940
4452
5986
5801
3023
6133
5850
5668
3675
5083
6714
6617
3919
2867
6130
4975
5606
6742
5104
2913
2725
1376
2960
4597
2621
5508
6353
5538
2989
3242
5527
6029
5327
6281
2109
6416
3274
5526
6214
6356
4508
4634
6042
5857
5018
5781
4447
2874
5655
5956
4438
6322
6893
6764
3665
3469
3865
4481
6832
5776
6351
828
5026
6274
6354
4941
4634
3476
4922
6627
6842
4767
4373
4376
4537
4083
5818
6720
4448
5749
4212
6932
6956
6021
5297
4804
6629
6906
5057
3231
4955
6183
6035
3270
3962
4514
3428
5547
3142
5777
5758
6855
6440
4469
1056
6788
5273
6832
6448
4859
5416
5975
3907
3628
5834
5697
5454
4324
5411
3145
4690
6743
2645
6376
6530
5033
3493
4616
5156
4832
4810
6604
6193
4505
4881
2999
6388
5265
5421
4722
3938
5962
5103
6563
2655
6786
4735
6435
1470
5730
5780
4582
4770
6619
3490
5004
3678
6705
6606
6478
6914
4533
4268
5471
1171
2087
4712
3042
6372
2306
4882
5236
4254
4735
6209
4322
4449
3368
6960
4779
5588
3111
2572
6049
6043
5468
4560
5682
6380
4930
6283
1363
3988
6472
2660
5316
5342
3825
6396
4122
5414
5928
6948
1906
2636
6494
5379
3719
4913
3004
6936
6157
5387
6003
4963
2561
5295
6955
4686
6579
6798
4141
4799
6452
6589
3643
3801
5071
4696
6653
5724
6501
5881
4579
2220
5608
6628
4767
6604
4219
6034
6638
2739
5256
6665
6246
5691
6660
6008
2974
3848
4502
5256
4836
4378
6625
5881
5438
5887
4766
6273
6450
4573
6633
5162
6857
6025
6377
4657
6721
4732
6461
3222
3368
3697
4376
4254
6933
2885
5032
5649
4532
5685
3779
2449
6234
4923
5050
4374
5944
5662
4428
3196
5762
2877
6560
5513
6074
3447
2210
4409
5539
2441
3940
6933
3809
2902
5197
5517
6757
6473
4040
6769
5660
4346
5495
6320
6402
4570
5592
5622
5422
6351
6470
5979
5720
5709
5814
5345
6785
2438
2345
4634
6646
6321
4031
6182
2228
3553
5737
4600
5073
6741
6666
6209
4808
1998
3162
6196
6678
4758
6806
6145
4005
5598
2814
6634
5808
6655
5814
6912
5681
6602
6196
5614
3735
5513
5920
5745
6514
5992
5412
6733
6377
3566
3449
3918
6342
4599
4363
4530
5665
3965
4515
3382
6346
6632
6787
4253
2184
2732
6528
6892
5572
4110
5974
6624
6513
4437
3786
6202
6425
6891
6802
2117
1783
3018
6807
4441
6047
4724
4419
6688
6819
4917
2293
3499
6688
4589
6894
6274
4410
3335
5160
6716
3839
4412
6806
5440
3801
4894
5337
4419
6276
5861
1022
4642
3675
5648
4446
5286
5714
6100
6196
5366
4930
5357
5475
3623
6959
5826
6858
6096
6929
5626
6803
4341
4454
5838
5822
6525
4805
4286
5652
2976
6855
4605
3021
6115
5673
6205
5663
4216
6480
6442
5873
6850
5008
6898
4151
1410
2185
5111
5959
6384
5992
5587
6933
5777
1921
2803
4059
6120
5127
5245
4667
6545
4741
6624
4021
5737
6781
6902
6103
5192
5892
4380
5078
5712
5199
6579
4690
3300
5673
3735
6221
5969
4240
6286
2836
4043
6203
6660
2227
5946
6826
6597
3881
1666
3284
6153
6206
5431
6452
6800
6401
2523
4232
5291
6391
3020
6953
6797
1668
4077
6377
5564
5039
5697
6717
5538
6687
2882
6065
2865
3525
6607
6832
5252
6801
5059
6030
5002
5783
6876
2854
5575
6857
6391
6556
6512
6499
2971
6190
4798
5684
4242
5071
5350
1504
2928
6695
5859
4671
6421
2701
6775
4113
3766
4696
6821
5248
4409
6563
3845
1758
5013
6951
4758
6629
4367
2396
5728
2983
3505
4792
1804
4882
5278
6385
5045
5944
5800
5331
3462
4352
5770
4837
4682
1579
6412
6566
5360
4240
6376
5009
6040
6838
6024
4463
5098
2516
4023
5003
4221
5989
6889
4642
5815
5690
3687
6471
5827
5753
4348
4908
5758
5944
6392
6077
4601
3753
6777
3590
6486
5851
6643
4811
2988
4753
3187
786
6613
6134
5657
6371
6585
6029
6811
4297
4039
4606
4913
6667
6682
3867
4311
5912
4797
6644
3587
6898
6674
4146
3857
6728
6288
5692
6802
5905
3958
6650
6382
4242
4130
4342
6273
2337
1803
6013
2887
3596
6732
3559
5911
5704
6332
5973
4859
6900
2535
3961
6032
6407
6076
4105
3940
6362
3689
6219
6666
5392
3387
3270
3820
2735
1698
4863
6543
5221
5283
4107
5346
4920
3883
4378
6551
5178
6804
5324
5945
5929
4926
6392
6881
2905
6658
5779
6466
4033
6522
5902
6141
4698
6881
5435
5001
1873
5115
1955
5496
3690
4606
6612
5683
4071
5621
5276
6891
6295
3222
1936
5981
3976
4889
1296
6261
3778
4059
6235
3239
5199
6092
3174
4036
3622
5141
5301
6865
5407
4827
4459
2666
6574
5564
3529
5869
4715
2927
5668
5111
5031
3015
6767
6377
4164
3333
6862
5844
6335
6104
6507
3224
6221
5315
5837
5221
5733
3848
2918
1602
2690
3528
5499
3743
4331
5681
2313
5869
4508
5312
4063
5755
6197
6926
3346
5987
5185
6324
5211
6194
6243
6607
4863
5446
4053
4719
5033
6514
4025
6206
3631
4494
5502
4379
3155
6470
6798
5173
3756
5465
6645
4495
5357
2321
5155
6626
4999
3346
5345
3785
4575
2446
6510
3681
4595
6531
5948
5736
6953
6742
3972
4875
6619
4269
2909
6233
2511
4206
5600
5559
5634
6216
6387
4924
6729
4847
5544
6689
3134
4491
2908
6390
5865
6851
4232
6094
6530
3929
4190
6846
6736
6359
6523
5758
4676
5660
6564
4487
6291
3583
6921
6570
5828
5506
4628
2424
4487
2157
1890
5225
5737
6497
6036
4508
6233
5605
2901
4793
5113
3730
2311
6764
6751
3715
5414
6309
6811
4542
4366
6598
5412
4664
4432
5916
6623
6325
4906
6859
5291
2708
6233
1825
5533
6212
5560
4874
5666
5361
5253
5934
6835
6204
5094
5509
5273
6648
3127
3608
5770
4794
6800
5863
4585
6929
5533
6161
2799
3495
4147
2247
6894
1780
4021
4967
6654
4253
6837
6559
5008
6657
6695
4171
5088
5549
5443
5608
4966
3893
5297
1697
5069
5183
2588
5556
6607
5058
3824
6385
3121
6306
6772
4401
4663
6256
3785
6624
5233
5327
4903
5414
4402
6256
6433
4776
6881
4506
5554
6704
6754
6376
4707
3487
4551
5228
5673
6931
4607
5286
6182
5497
5805
4652
4894
5120
6261
6187
4185
6235
6758
6062
6663
2389
4863
6775
4935
4785
5071
4745
6949
3794
3064
3475
1788
4900
4595
5628
5599
5169
6342
4011
4572
6834
6321
4377
3113
5521
6423
3970
6475
3915
3541
6181
5344
2740
6942
3389
5633
4757
5183
6092
6088
5349
5444
5171
6415
6435
4335
4724
6366
6707
6772
4517
3649
3104
5338
6777
6205
5166
6947
6712
5448
6337
4630
3824
5687
3495
2094
3459
4527
4531
6078
5129
5864
2845
5737
6198
2388
5813
3125
5356
5005
6861
6919
6325
5758
6146
5994
5885
3759
1844
4407
1822
6811
4742
4696
3579
3841
6735
6525
4771
4732
3084
6398
6120
5460
6074
4151
2445
6881
6448
6540
5966
3948
5518
6115
5561
5514
3137
6625
4941
6800
5524
6402
6283
5688
5783
4373
4608
4584
6180
4896
6534
2676
6286
4249
5393
6924
6193
5146
6940
4278
6413
6844
6245
6801
6002
4188
4690
6787
4936
2365
6640
5837
5724
3697
2579
5681
6465
6703
4514
6285
2881
5692
5364
2958
5420
4171
5797
5224
3569
6538
3862
5618
6424
2425
3254
6810
4268
3479
3551
4475
3562
6574
5035
4326
3680
5828
929
3369
6369
4312
6349
5732
4669
6887
5480
4790
3004
5710
5224
4811
6264
4078
6503
3014
5505
6822
6157
3259
4666
6954
6713
5230
5492
6886
5957
4038
4697
6833
5754
4581
6358
4773
4754
4304
5767
6142
3747
6126
4008
1310
5360
6811
6127
5804
6578
4900
5717
4848
6908
6031
2145
5134
2805
5104
6242
4087
6902
6564
5028
3488
5115
3938
4733
2253
5461
6677
3814
4808
6896
4110
6598
4325
3913
5201
4320
6095
6599
6460
5721
2229
3727
6656
6320
5820
6380
4910
4949
3120
6258
5229
2136
6434
5967
6652
6727
5888
4363
5439
5164
4357
6512
5566
4890
5481
5428
6330
3296
3080
5343
4778
3138
4991
4727
5003
6663
6589
5971
4480
5635
5340
3668
5835
5007
4369
2561
5054
5880
5731
5896
5557
6530
4874
5108
6638
5527
5835
5026
6591
6399
6095
6553
2325
6624
6075
3751
2657
3427
4464
4243
5301
3175
3467
6439
4878
3972
3871
5679
4272
4084
3725
4469
4761
4169
3334
4979
5982
5612
5886
2547
6451
6930
6225
4344
6695
6146
6030
5682
4411
3364
4577
6705
3774
5216
4088
6055
6727
6510
6181
5588
4939
5206
4494
6741
5859
4710
3671
4429
6670
6266
6689
6652
2227
6653
6135
6916
6444
4374
6292
6468
5870
3017
3213
5717
6436
4022
6291
4581
5085
5011
4141
4130
6380
5500
5630
6580
2041
1584
4622
4665
6878
4304
3860
3377
3388
5877
1828
4538
6886
6735
4263
5720
5615
4318
4337
4044
4961
3541
5010
6251
2978
4298
6906
4137
6957
6008
5508
6683
4869
3276
3224
5058
4132
5123
5300
3523
5309
2990
6057
702
5818
6467
4907
4633
3196
4534
5575
6780
6952
5000
5126
5755
4292
6396
4055
2810
5871
3865
6604
6717
6168
3573
4788
6836
6864
3895
5606
6889
6798
3149
6922
6525
3817
2855
3917
6352
5910
4151
6585
6426
6390
4643
5123
5838
3230
3408
3406
3787
3537
6143
5150
6307
6639
6063
5908
4365
3820
4663
6345
6598
6917
6643
5616
3601
3956
3275
3893
6000
5226
5932
2679
3431
3154
6381
6559
6921
4852
4961
3224
6460
5377
4528
6656
4164
4748
5523
5907
3222
4712
2070
4492
3412
6870
6531
5757
4165
4697
856
2992
6679
4494
2966
3943
5754
5161
6160
4461
5890
3704
2526
6098
6353
5782
5823
6426
5225
3628
6648
6470
4292
3759
6129
5159
6322
3118
3443
6024
5811
6511
6313
4305
3228
2227
6843
6782
6151
6651
6762
6907
6646
6380
3910
6126
6449
6874
5314
2677
4411
3865
5712
4246
5287
5962
3145
3600
6872
6272
2236
3446
6404
5983
6488
6264
5620
5794
5194
5243
6711
6442
5186
5635
6486
4706
6863
5517
5175
5644
6808
1531
4114
4229
4400
6018
3192
4616
6246
5422
5842
5982
2958
6550
6945
4246
4362
6568
6955
5070
6595
6001
3885
5013
5553
6589
6320
3132
6670
6959
4806
5152
2880
4450
4908
4913
4870
5141
5992
6809
5836
5456
4407
6106
5315
3373
4991
5287
5188
6159
5979
2616
5968
5653
6230
5521
5742
4748
6917
5652
5615
2324
6922
4620
6952
6923
6290
5067
2862
1382
4554
6574
6093
6900
4280
5291
5942
5372
5890
4589
4975
4384
6839
2985
6373
4459
5087
6684
5418
2513
3271
5799
1022
5935
6804
6338
6641
3832
6593
5358
3661
3907
6825
3156
6856
6379
5987
3117
3133
4035
5881
3642
4925
6881
5279
6251
5006
4787
4883
4955
4161
5626
6464
6054
2876
3242
4937
3937
4916
6662
5504
4253
6765
5332
3190
6173
6814
6089
6320
5531
5249
4138
4726
3818
3634
6476
4948
6049
6790
6410
6562
5108
5456
6251
1052
3267
1055
6664
1767
3918
6755
6698
3834
5425
5123
5330
5909
6294
3917
6952
5452
4597
4863
3570
6610
6047
6803
4782
5006
2933
2657
4746
6393
6153
4965
5671
6957
2982
2979
4764
6736
6771
6741
6715
4643
6626
5241
3374
4043
4634
4239
4928
2891
5394
4107
4797
6755
5235
6029
6725
3964
6070
6875
2066
3083
4250
4648
3326
6669
4470
5681
4164
2736
5792
5848
3591
3919
5416
4764
5372
6284
2682
6288
6098
5679
1581
6613
4376
4441
4598
6254
4023
4288
4506
6205
6576
6270
2205
5294
4877
1879
5832
3349
4178
6692
5394
6930
5872
5674
6489
4097
4244
6116
5371
3954
5943
4869
4548
5226
6951
3695
3666
4677
6456
6446
5636
4197
3702
3512
6431
5120
6771
4376
6271
3932
6826
5319
5143
3142
5170
4849
5603
2427
6070
5712
5807
5932
4076
3813
6411
3130
6367
6657
4645
4906
6055
4991
2002
1858
3593
5428
5593
6031
6182
5409
4380
6269
3837
5392
6002
6816
4910
6361
6116
6569
5197
6604
5572
2483
4154
6188
5127
6607
4591
3632
2704
5455
6568
4897
5114
6099
3897
6644
6499
2519
1451
4612
6910
6027
5730
4549
4350
2921
6716
6837
4376
5597
5974
6107
5727
3199
3235
5489
6659
3486
3067
4195
3281
6654
6833
4847
4210
5893
6877
5314
4668
5715
5076
3500
5582
6620
3379
5096
4310
6772
4647
6375
1954
5225
4664
5074
4181
6207
2193
6508
4940
2502
4418
4093
6142
2354
3833
1332
4083
5908
4248
2311
6584
3498
5221
4519
5264
5909
3473
6065
4345
5919
4473
3982
2303
3096
5293
5327
5815
5869
6748
4624
