10000
4988
3541
82
480
752
3116
1545
4360
986
2437
4219
3851
5342
3074
6658
2934
4570
2721
5362
6938
4898
1357
6633
6523
3867
4151
1818
864
6630
2994
3151
169
6268
4315
1649
1072
2547
4752
1492
3212
4403
4607
1515
5192
2454
5952
2845
3744
1817
610
768
1
350
143
3679
40
1061
4072
6819
6947
2211
4808
5243
4671
3600
4974
549
5952
2099
952
5513
3118
323
515
1483
3050
992
5471
4655
1393
2564
3059
4886
2966
934
2121
2281
997
3965
1085
5214
1749
4554
4425
3292
227
6611
2827
1169
4042
253
3486
3294
1952
4162
828
5269
6257
4725
5475
2630
1377
3441
4599
5817
1150
6765
1557
4065
4892
5575
4355
284
5691
1162
495
2242
2267
5898
4395
1130
6598
128
1000
4328
4725
2458
2512
292
4209
854
4680
3045
5290
4968
825
3741
1014
6311
4392
4319
4178
2780
681
6203
65
3889
6570
1547
1440
4943
462
5210
2554
3388
4850
731
4398
2447
4785
824
825
2962
4482
1757
6754
2557
4700
5998
1809
1354
4478
5912
5399
3316
853
3723
381
3093
6114
2468
1299
2120
6133
4460
288
4120
1229
1202
3956
3370
1310
1637
4358
6027
3180
6282
2451
6542
4445
4161
5083
2061
5308
2486
1017
4888
1104
449
1864
409
6154
4853
5577
1730
4817
4902
2667
730
1080
6059
446
3431
4814
6360
6853
3568
1757
1836
6895
6190
721
1888
3137
6108
318
2226
4549
2127
4847
2144
3224
5007
3662
4243
3917
926
2208
865
1273
9
4104
5546
936
651
4472
2008
3840
5301
3023
3286
2007
3656
5108
3029
5678
3597
4470
2053
2694
5439
941
4921
1735
3382
5251
3764
2097
4825
2182
1649
1021
3215
2834
3262
2484
5936
712
3638
1295
1487
583
6090
2314
4982
1894
598
2981
4905
1791
4432
6943
5349
6307
3901
192
1446
518
1388
5733
4438
1022
4863
2500
1999
5556
4614
2323
4201
4028
1545
1720
6735
1760
5473
5707
4141
4280
6649
1878
951
1905
6677
4006
6120
5317
5436
804
6543
586
6406
6691
773
153
1354
5713
2509
4387
6632
4483
209
2550
992
6181
3124
4669
2208
2953
3919
1065
667
6575
2928
308
611
6573
1980
554
965
1454
2484
6524
4109
4825
2469
4442
1857
6336
100
3125
5
1282
576
1432
1663
379
2005
2295
3799
3837
5218
112
2908
5070
537
6210
5672
6287
4969
5857
118
5547
315
3232
1294
3895
4389
5902
497
1496
6660
437
3039
2873
3920
3162
5141
6275
6308
3375
5298
5251
2642
4578
5133
730
863
5697
153
3964
286
478
4576
1979
625
1214
3341
5804
6140
6949
1442
803
1553
1741
4779
4473
3751
2635
3353
6695
5282
1330
5605
3069
797
1030
5072
410
1384
5528
4733
4332
3674
2763
3477
1130
1354
5839
6403
4475
4254
1219
58
1393
373
6141
1852
1472
4430
4809
2347
4762
5560
409
163
5227
6138
1207
651
2564
5929
5295
3022
1257
1148
3436
1780
4976
1870
1390
2330
1822
6114
562
3792
5076
4180
6756
4578
133
2320
4166
2255
6236
6206
6691
5922
650
6093
3147
5950
6247
909
4384
134
6437
4346
4470
3788
3026
2969
634
402
778
6184
5162
1440
4078
3580
4313
5901
2820
5485
5250
3404
2366
748
1091
2760
1358
3012
4256
1293
2963
4891
1971
1800
1865
2986
2286
931
1341
2798
3396
6782
378
3665
3533
3730
217
452
1366
5500
1885
4146
5016
4283
5882
2988
6083
3094
5288
6020
118
2001
5700
3066
6876
4530
3325
2561
6255
3677
5400
2969
3186
1262
682
5722
4444
5623
3727
3024
1113
1634
1738
2259
2671
1536
234
5235
2169
1966
3586
2325
4534
5598
5124
2932
5978
5451
3854
4643
3383
1810
393
2447
2302
3133
5660
5414
2956
4316
479
72
2807
2184
854
4783
1715
1004
5124
1226
4446
6073
309
1870
2829
4878
310
2383
5646
274
401
4506
6704
6192
805
1625
5723
1576
3496
3761
1313
2124
1902
4716
2273
3765
3654
2570
5865
575
6050
45
6924
1852
5463
6602
6351
4719
4856
2775
4228
442
2825
4538
3660
2924
2876
2322
6336
1164
2246
1599
3161
2411
842
2474
4124
729
3700
4284
213
2407
3879
6093
6293
1317
4269
6399
2896
4080
5963
4852
2756
22
2312
832
1945
4110
2253
3708
5819
1320
6064
5691
3366
3809
1778
321
2919
2817
2537
3631
6058
2742
2116
1429
5144
1144
5894
1988
514
4157
5355
4678
2051
4737
3806
1515
473
1166
4185
1460
1569
2084
6208
880
3126
3112
1639
5477
2859
698
699
1091
4002
4982
1639
268
6715
2704
2532
20
5433
4301
1279
5853
4768
4971
3429
611
4487
2515
6370
2527
2661
2083
6843
2556
3854
196
4915
2813
3861
4507
1780
187
1010
5760
5965
6368
2149
5951
5396
4
330
2025
4468
2367
280
6841
5286
2992
602
2854
144
3401
5228
1751
6199
5378
2258
4131
738
4439
6825
3267
1399
4254
5112
6832
3246
4882
1229
3651
3805
2448
18
6921
6220
6450
4747
1972
586
1459
609
4033
3247
2852
6897
955
642
6708
3412
6186
2604
969
4295
6318
275
2521
4863
4037
3971
5308
6569
5999
6946
716
5606
936
3355
5949
4244
1796
407
5775
555
6917
68
225
1348
3410
2333
4908
6497
716
4581
1254
6605
1037
3036
3216
70
2411
3267
2613
1733
4115
1262
1057
1612
1864
2292
4062
6369
1219
4965
561
782
6789
1397
30
6677
4450
2726
5118
2251
2301
1331
3688
959
2081
3451
5382
5531
221
6707
152
2843
2475
2063
6649
2653
1891
1899
6262
3742
5952
1579
1322
3037
828
4704
5318
2231
4957
6182
1593
1326
6537
2039
1129
165
5032
1235
67
6715
5782
6543
5595
2895
4475
5649
1639
6755
5283
4532
2641
661
6371
6437
2493
5208
6444
1945
6643
5689
5583
92
289
1007
1404
6305
4672
4935
6089
1203
1055
6122
2644
3436
2230
3676
1063
5608
3945
277
543
6183
1527
1217
2467
1945
4436
4555
2363
2486
911
3796
640
6824
4090
6609
5808
2442
1033
1856
41
195
210
692
2399
5606
5505
2692
4687
291
5491
4602
2176
1408
5715
5220
1816
4300
2405
5513
5199
4405
1228
6007
1019
3932
4998
6853
2012
5168
86
3111
290
998
5171
1509
28
1840
6485
1317
3799
2140
2091
749
6890
2169
1429
389
729
6955
4539
4928
5954
5194
392
1537
2276
1910
4676
5790
315
771
1248
4721
2013
4537
1660
5949
6327
2409
554
5639
2242
3744
2447
690
1737
996
6203
4114
3099
312
6908
6822
3639
905
440
4354
4658
3281
866
3615
5104
3980
5364
4534
1010
1728
5093
3799
3594
5106
3363
5583
6520
3634
3189
3876
2662
4939
2153
1663
704
753
2511
3550
1535
2113
4837
3259
2075
552
3011
4812
2115
2281
3669
2229
662
2502
6932
5944
132
6292
1264
4788
4908
3408
4837
3019
2884
5687
670
5941
3605
2765
2155
5684
1929
1995
2514
2806
2129
331
2708
6276
3087
5490
711
5089
47
6785
4566
3792
3252
2921
3766
1763
4302
1609
4840
2080
2782
3341
1498
3836
6858
6784
1695
241
2382
2137
6750
2418
6931
3287
3255
5117
3995
3991
1615
1344
4974
5673
2158
3741
5689
363
923
4655
5254
1880
2497
3205
890
636
2919
879
2069
4421
3756
2301
653
4725
333
124
4444
5001
1992
700
3900
4725
712
4824
1842
1140
800
3746
6147
508
5100
2562
6902
3965
3034
5018
2903
4645
2609
353
2346
2232
2972
3392
4541
1511
2284
6818
4131
3267
5070
1609
6129
4196
1906
458
6702
2290
4623
2830
641
923
5130
5255
6120
483
3682
2288
1636
6229
2556
5338
4612
1688
4824
4258
2012
5724
1131
3306
4194
2676
3684
3908
6060
2396
4419
6586
2268
4144
6539
1421
154
5549
272
4302
2436
2222
6409
3074
6062
2624
1249
1895
1483
4432
4762
937
3294
130
4827
4992
5492
3068
2766
4730
1302
4838
1936
1612
908
3936
2497
165
1939
2966
1060
2102
2964
3850
264
3767
2428
3549
1495
4572
122
6172
85
5645
1668
2044
2716
2117
5430
6158
4177
4650
6472
4564
1458
5500
6615
769
148
1963
1414
3235
610
5768
3550
4281
3992
5053
950
475
2601
1906
6272
1602
5907
2119
6568
3238
1532
4745
3224
4838
5854
4461
3611
6248
6487
5236
5153
5811
1181
4161
1150
3946
5349
6248
2701
4305
5423
5797
5075
3133
3266
1070
1679
361
1500
124
4707
2195
3323
2703
5668
2871
3514
3137
3654
2943
1918
2374
3794
3404
4217
246
4764
3286
3096
1244
6504
811
348
4230
2490
968
4464
6144
2330
1228
2792
3869
6760
1733
5788
6494
4221
2156
3722
5131
3806
1372
3955
298
2616
653
729
3960
6223
5817
5171
4210
787
1559
1184
2878
1960
4909
786
968
3096
6895
3794
1819
4755
344
2796
2641
1997
3581
3011
2043
1470
5632
2385
6256
3171
1945
4073
3452
5463
6851
211
3436
3913
562
2501
2447
1411
2375
985
6017
1510
4264
5293
5581
2800
2895
4750
1234
2731
2095
5877
797
6132
6498
5231
299
1856
4545
1617
1015
1766
6035
1202
5001
64
4743
725
5048
1851
1419
2507
1830
646
2150
81
5243
6049
2965
1408
3155
930
2671
2710
6501
476
270
5985
4034
616
1819
5499
343
5308
729
3708
1705
3923
1165
1093
4013
3637
506
5923
4394
1315
1388
795
113
1005
2545
1955
6192
1573
2307
6633
2748
4228
651
1602
6093
4050
6152
1863
1278
2690
6552
5574
4137
4987
3721
844
3924
6131
5663
5422
5720
23
3843
5970
5672
2214
4223
1892
3855
4482
1061
3928
3227
2501
3953
310
6789
1422
3958
5703
140
6519
6953
6070
1797
334
3560
3147
4661
6857
5519
6465
2533
3748
2551
6139
2818
2344
3040
6293
5403
6029
2903
5650
5040
4377
5045
6844
1301
6723
2710
3981
1278
4637
2788
967
5708
1588
665
6910
544
646
3223
2022
5276
2426
6346
653
6619
3260
3633
6554
1893
5243
2981
6708
1429
1136
6358
2406
6335
3497
4792
1472
5525
3931
438
2240
2919
2144
4190
2193
5811
187
6262
410
3302
1389
1317
1747
6555
2098
5126
4493
4208
923
4423
127
5041
216
738
4432
2735
2052
5803
1914
7
4521
5694
6476
3192
2132
4281
1795
5371
5626
987
5260
4600
1665
2420
4664
6246
4000
283
6244
954
2339
2389
2518
1744
249
6586
1902
1869
248
3215
5974
6874
4689
1178
5582
971
3152
1107
2369
3197
5087
1007
4825
3034
4053
4751
4460
3756
3272
6235
5443
563
536
19
3648
6655
2953
1985
1183
5900
636
3671
2249
5878
2909
3728
1890
3565
6574
2821
718
596
1995
4569
668
6180
5899
358
6192
5178
5447
4722
6156
5149
5173
5553
4135
2344
3280
5347
1921
2012
1467
4654
4109
6870
5665
2936
2045
2120
2507
4677
6199
1127
5748
4410
3588
2561
4319
4381
3697
1201
5222
151
798
6771
3613
3299
1525
6401
1302
3767
4340
3840
6536
935
5891
5998
2827
5804
2232
1494
5447
2955
474
5681
3018
4900
4082
2229
1976
1918
2850
6502
376
2117
4099
169
3871
4395
2178
980
4247
1743
6015
3076
5486
1043
4973
812
2120
3972
2954
227
3857
3955
4751
1445
709
2859
1882
254
4190
3197
341
322
4843
1116
6406
4830
3551
1306
2419
1221
6470
4378
1875
3943
469
4682
3469
3855
767
4453
1214
4803
1592
6005
6432
781
5580
5556
3073
6272
5017
1473
5749
3883
5758
5904
2381
1158
24
2294
4501
749
6592
6334
1349
4683
3252
2734
425
5305
2810
935
5292
3500
6352
1495
4624
4384
6930
2011
393
3905
1171
874
4695
2973
1489
28
6960
2118
1133
2725
3529
2405
2246
5761
3069
4178
2456
4762
2848
3366
4678
4516
4010
1199
6424
2684
1467
3320
27
1541
3630
2375
1871
3667
5539
407
447
3288
3736
3656
569
1021
535
6362
258
6333
5395
3144
4131
1659
5674
1724
958
3971
6464
1724
1753
1123
3845
4829
1218
138
4303
2886
150
3290
1682
4476
3091
4167
1500
1515
6566
3595
2477
4010
688
1287
817
2086
5099
4187
3654
3096
3242
561
2294
4618
3940
4160
5719
4487
4125
6280
3170
1174
5620
4909
4334
3660
6339
743
3510
3963
134
3957
4244
32
6682
5341
5320
2156
6880
5285
6467
1754
398
1919
6338
220
5170
3357
4940
125
532
2048
2414
4990
670
6048
5678
3800
4081
4430
5451
1402
1785
1567
538
3403
3582
6820
4399
5483
2613
6729
4755
2036
2372
4391
4128
3616
1479
5221
1212
5748
1261
2892
5647
4732
5152
2033
1783
4844
2287
4320
4436
1689
2771
984
3023
2430
1886
6531
1786
5841
6944
3506
4089
5614
1312
850
4358
4731
4292
6250
3050
6888
1374
1940
6870
1627
4734
250
1607
3224
4238
6062
3929
6697
3960
3716
4333
1601
4139
1808
4675
2911
6445
1476
5779
6564
596
1575
5261
244
5959
1077
1126
3217
201
4803
3552
3653
1663
4183
6960
511
338
3683
1861
2984
3956
2446
3876
694
3234
4504
805
6012
2231
6675
250
6142
574
1487
2427
546
2340
4207
2737
3621
5932
4621
6472
589
846
2384
4696
6643
2070
6919
475
1858
1986
5655
4100
896
70
79
1075
3374
5885
6126
666
5822
5866
5952
1869
1902
5874
437
2258
395
292
2092
4914
6960
849
3270
3555
4782
5154
4884
3443
5422
4855
3150
5232
1572
2706
398
5927
1866
2957
3837
3194
1522
5329
54
4914
2407
5851
4281
6952
4051
5785
1402
1478
5170
2896
6439
1054
4452
1431
362
3977
3687
1147
536
1538
4343
547
4002
3306
5263
5421
4841
931
1263
4824
3093
6509
5721
6104
548
3015
2396
5378
3260
5113
2369
3907
3513
641
2323
5860
475
6565
3266
946
6477
1022
1199
856
1885
6356
4062
2105
3309
2745
5473
3449
2199
6763
4599
4125
876
3449
3489
6007
4902
2423
4317
3463
1060
1836
5468
1677
3094
1163
3604
187
2819
5729
2347
1242
4484
1802
1622
6227
4283
2551
876
497
6835
1436
2290
2103
1120
193
3722
5804
1275
5213
3829
4649
1746
6866
5219
158
5504
2075
3090
3239
2312
5635
2250
4437
3991
5641
6872
4968
6020
5112
4295
1231
4145
454
5907
2847
5968
2141
1742
5137
1509
6679
1325
476
268
5035
4162
1740
3551
2960
1603
4391
2770
6488
5775
6404
5930
5416
6800
905
6612
1083
4078
1261
2750
1245
1474
789
6362
2048
488
5416
2600
596
3979
1384
4227
1422
5098
94
640
92
2042
6364
996
1118
4935
2119
2504
6907
4997
456
1440
3005
2710
1320
1691
4703
2652
6091
4114
629
3117
1289
954
5934
1949
2474
518
4996
5275
975
4513
3908
988
2654
926
1014
2147
4746
1286
5434
4844
4552
4566
6425
4934
3183
2640
2112
4899
2542
2062
452
3156
1521
1389
6249
1995
658
828
2806
122
1332
1779
2500
3810
3336
6335
4746
2930
4727
1449
4706
4595
2859
2384
1782
939
1013
5833
106
5503
3582
3217
5938
5385
4038
4396
446
1672
426
1910
2600
3279
5274
6302
5084
6676
5184
2324
2888
2326
513
2766
3749
257
772
3193
2248
2012
1903
1071
4709
3582
354
3465
1625
2918
4924
32
743
365
4855
2730
1244
2801
6069
2663
571
5544
2705
5751
2639
5442
1782
6461
2164
4439
3123
359
6039
5740
4143
486
2490
5858
5504
3792
1749
969
462
2721
4824
2176
5757
50
5265
4954
2108
6775
1030
3126
877
6653
2350
795
5340
5354
4717
852
4663
4230
3376
4151
1298
2886
5213
2037
1568
6206
1512
1237
5973
4568
6878
1152
1676
4730
1310
4337
972
5268
6036
1930
4449
5088
5112
4111
6148
4755
2829
3728
1617
3257
5175
1376
3934
5642
263
465
6507
6780
2046
1561
135
1163
5406
5906
6548
2848
799
2731
4330
4216
2670
180
6902
5026
1097
1457
3440
4456
6158
6210
1865
839
439
2954
6857
615
2260
280
6138
2609
6333
6113
1549
579
5261
5995
1314
3238
193
3319
124
6219
5245
2005
307
3651
3210
6109
2418
6891
2867
6158
6097
3434
900
3604
144
1144
4329
4491
2854
3699
2396
2470
6095
455
2875
4694
5228
5909
5617
505
2299
3442
6582
5216
5196
2057
3289
3717
3559
6940
3431
3262
515
6641
3338
4375
2762
3173
5947
2824
2559
6307
997
6275
2884
3951
6806
3034
2507
4934
428
4870
4113
2570
2966
2493
106
324
286
185
1421
84
3791
3966
3009
5895
1458
1610
1105
4096
3095
2798
1079
6526
2862
5542
4997
5830
2417
1837
5835
336
2604
556
1906
4775
6882
231
5963
745
3664
6556
3833
6175
3353
3472
174
878
2704
2905
1462
5978
3027
2723
2671
625
723
5650
4824
2302
6043
3755
3562
2155
6166
2654
1214
4869
6433
2581
510
5449
6230
5398
1673
1856
1763
849
4182
5032
6522
2152
466
1300
2540
706
4405
4741
1047
1161
1915
4100
4715
201
1801
578
4102
6777
6582
6072
5073
4489
3027
779
6380
2416
4011
4104
1282
4807
6943
4130
4363
6533
1910
4024
5633
4492
1931
1232
4343
4850
1788
4559
2851
5298
1178
5657
3134
6719
5938
5244
1569
6806
5571
6871
626
5573
2116
1458
2372
5003
3024
1777
5489
529
1634
866
2958
6847
2558
1322
3975
5943
2349
499
184
3081
4126
2663
4030
2604
4221
693
5117
2025
3706
233
6176
2165
1378
5982
4037
2773
1538
4638
3019
4828
2634
3763
3404
1183
293
3339
6191
2880
2546
3263
759
301
627
5736
406
3769
4525
3210
5455
2468
3805
1012
326
3811
6192
453
4668
6204
330
4445
4994
1460
5217
3516
1329
5659
1648
1709
249
5352
6450
6795
4278
4349
1317
2195
5731
5850
3179
3304
3594
5141
1823
1684
5175
2318
1456
6791
2050
260
1943
64
4499
1704
1738
188
1513
4273
3061
1732
5101
351
4405
4453
3719
2714
3530
1265
518
3851
6558
6853
4013
1066
1300
675
3759
2782
957
4900
2354
1612
5466
2082
1396
3132
5628
3438
4057
849
400
1920
3858
4117
873
3264
450
2374
300
4199
1088
4876
2386
4376
1581
4832
5545
320
5073
2706
5605
1939
2141
1771
2798
4452
6395
651
2673
603
5559
6815
5266
621
2367
5264
4248
671
4224
253
1237
3424
2695
5553
5240
3802
4477
5861
2532
3130
6893
4736
6661
3628
6364
3923
380
5039
1328
5341
2623
1353
4049
2662
4923
5357
5440
1623
540
6599
1268
4950
616
2241
4480
5612
1198
4657
5502
4403
5809
3641
3071
6809
502
5253
2554
1199
3239
694
4685
2697
6429
2036
6792
6363
2365
6676
3783
2275
1421
5767
4191
1940
6403
2086
4550
2114
3194
5031
4656
5428
6628
4373
3234
1310
5437
660
3441
5372
4287
3213
6075
1349
3349
448
5672
882
20
5150
3024
2601
6027
3188
34
1447
4268
1347
827
3376
5508
6501
2514
1811
5859
6835
2903
4608
2278
3142
260
5085
6905
5722
1884
2335
6610
1944
3849
894
4160
5260
3683
4307
2653
2436
186
417
1381
1472
6158
6045
5506
207
4819
3030
2106
1673
636
6637
5651
1632
1633
4734
3210
4069
5459
4874
4677
6369
5908
831
3684
2665
3209
2360
3563
5649
4391
6621
4686
8
435
2063
748
5731
6003
4434
1555
3478
6692
4506
1683
2473
4538
2397
1899
5313
5006
5515
4207
244
6827
3920
1183
1008
901
5014
2367
4527
1086
4707
5788
451
2246
6510
878
2339
2777
1165
2014
2910
4489
2507
3357
5645
2453
4093
404
6500
3653
178
3904
1419
125
6216
2756
881
4022
2745
686
5293
679
4919
3874
5286
6222
5990
1811
2666
5161
6154
3101
2684
177
1410
928
5615
4209
2562
5778
3665
3495
3845
2670
5424
2479
1534
5275
5088
5728
3396
2370
1695
6345
5413
6900
3245
1886
6171
5432
3982
5761
3094
5904
2467
5837
3054
4883
4412
4103
6296
2774
4901
6440
983
3677
241
6187
6398
1308
2350
3065
1103
5357
6928
3503
4135
1372
3786
3533
3091
6013
2125
6415
428
4321
64
3478
3722
6720
5512
745
3547
1723
5402
6401
6161
105
6368
901
5211
2892
5327
5964
2106
6929
2867
1070
1711
5487
4651
654
4041
3795
6262
2582
6393
6793
4151
1073
6876
4247
3994
3171
6468
6616
4275
6104
5471
3328
3985
5542
5086
2988
3939
5327
128
1343
4753
6165
600
4107
5458
4286
6682
5325
2391
3880
6096
3535
657
4370
1424
3275
2495
3848
858
5255
3686
280
4069
1998
4604
730
5969
2989
5934
4941
3032
5968
584
3562
3051
2748
6000
2700
4820
203
3767
2509
5323
1345
306
4162
2299
4891
5103
5669
1344
2874
1903
4356
1556
4655
6412
4167
5562
4059
1240
3485
4127
1530
3575
349
2109
586
5906
4862
4698
1141
3360
6019
655
3564
76
52
2919
4263
5469
1917
6383
1590
5177
1994
5559
342
2086
178
3397
1021
6617
3527
3902
3755
5809
964
6571
6415
2091
2748
4633
167
2549
3352
4422
3459
851
2498
5918
831
4803
3262
1157
917
2789
2479
6268
2917
3746
2357
6610
1207
2156
2527
3061
3608
1666
2276
2107
1808
3194
4106
1456
4276
3314
2874
5831
690
2508
2071
226
4931
841
3806
6629
4214
5076
137
3085
627
6117
4844
2434
4755
6663
5906
1679
6171
2086
4615
4911
3763
4104
3762
2068
3850
2121
5381
2877
5726
3056
3084
6910
434
3804
6037
606
1538
3365
2182
558
2798
6559
4054
4552
5466
5165
56
2086
3653
4684
3632
4314
1205
2773
435
5773
4238
5035
22
3196
2659
6454
4738
2599
2992
4478
4873
6525
378
1043
1722
4637
955
1843
3941
2670
6758
3744
1062
3940
1527
4452
2510
2172
2526
5986
4542
2249
1990
3609
4368
4372
5236
5801
2313
3023
2642
6133
3621
5850
5107
486
2713
5531
5668
1226
1738
3097
3675
1360
1058
5083
2241
5978
6714
2174
2816
4745
6617
5159
809
3919
1425
2592
2867
143
2790
6130
5579
751
4975
3611
5606
2202
5190
6742
4779
3527
5104
2084
2913
2069
139
2725
626
1376
213
841
1863
2960
1087
3765
4597
1604
2621
1985
1542
5508
3115
6353
1046
5538
4063
1741
531
1618
2893
2989
251
3242
203
5527
1944
6029
5174
5327
4447
6281
3209
1445
2109
640
187
4356
6416
4786
3663
2399
61
71
3274
1227
3442
5526
4395
2817
1040
6214
1597
6356
6126
1238
4508
265
4634
3386
6042
5609
778
5857
2527
5018
4583
5781
4084
2741
4447
2155
2874
1438
5655
3945
5956
3614
4438
1120
3952
6322
2103
3617
6893
4188
6764
5944
928
3665
1885
3305
3469
2623
1850
3865
339
496
1086
4481
2910
6832
4031
3881
5776
573
4445
6351
2964
790
828
287
5026
2534
6274
1319
417
2044
5563
6354
791
2152
2879
4941
2072
4634
903
3476
1095
382
4922
4747
4609
3876
6627
4776
473
6842
1168
4493
4767
4016
4373
3440
4376
2407
768
2914
4537
2814
4083
1058
5818
794
6720
5587
507
3317
4448
1501
5749
159
4212
836
2168
3408
6932
3136
2303
419
6956
675
6021
2189
5297
1748
189
4804
2452
1137
6629
4682
4079
6906
1162
375
64
1522
5057
2450
3231
3160
2757
4955
1616
766
4349
6183
4762
3632
188
3888
4018
6035
2052
3270
1830
1749
3962
230
3857
4514
2033
3163
3428
1616
3281
5547
4139
1934
1274
3142
2969
2386
5777
5766
4492
3729
2918
439
5053
5758
1284
6855
3877
2003
5144
6440
2249
4469
777
1056
171
5792
6788
5876
203
5273
184
6832
1067
224
333
946
4647
6448
4081
343
4859
945
5416
5364
5975
2311
253
3647
3907
916
3628
2437
3138
4571
5834
1450
3164
5697
3128
959
4557
5454
2184
2359
4324
2707
5411
3518
451
2329
3145
2189
4354
4690
4428
6743
1822
2645
2183
6376
4990
3061
6530
5987
1280
2242
5033
294
3493
1061
948
4616
1884
3409
5067
5156
1347
4832
656
4810
4495
1383
4945
6604
4388
6193
3387
4505
1005
753
515
4881
814
1940
2999
1303
6388
6080
4545
5265
5171
4507
107
5421
2730
4722
1969
3938
1927
5962
3984
5103
2395
6563
5925
3757
2915
1783
2655
830
1096
3114
4040
6786
4540
1925
2880
4735
2563
6435
931
909
97
990
1470
318
2728
5730
5451
2323
5780
3595
359
4047
4582
3427
1916
419
550
4770
4447
4231
1900
6619
6168
666
1252
3490
3097
5004
1949
29
1181
1450
1673
2297
3678
387
6705
2181
4541
6606
170
3215
6478
2357
6914
3937
29
267
565
4533
2980
515
4268
949
5471
3580
425
1171
390
2087
923
3031
4712
2906
3042
355
6372
3008
1687
2306
1583
4882
2863
297
5236
4194
4254
623
3872
4735
1929
2508
6209
668
4322
3039
1099
1649
2309
4449
4386
253
1835
2326
3368
3126
1
6960
6125
2
4779
3902
346
5071
5588
333
3111
11
662
2572
2526
6049
4231
4044
4246
6043
1269
5468
3478
4560
2850
910
5682
3986
6380
6283
2309
1789
4930
4203
6283
217
1363
439
3988
3852
6472
2034
2660
1366
5316
1473
5342
5229
4796
3628
3825
1403
6396
3450
1539
2944
3539
4122
799
1183
5414
1798
3195
4140
5021
5928
2198
6948
5711
5684
5210
4655
522
1906
1332
335
2636
2351
2216
1051
6494
5768
2835
2460
5379
608
1600
3185
3601
3719
2033
4913
1873
2175
3004
448
6936
5272
2107
4859
5634
6157
3914
3746
3065
3592
5387
1101
154
980
3318
6003
2964
4963
1867
2561
899
2016
5295
3312
6955
1393
4686
3506
1779
2470
4212
6579
3182
2169
2178
6677
6798
1714
2617
4141
504
4799
1205
5175
6452
4433
4284
2489
2394
808
6589
1045
3643
3497
3801
2334
5071
4786
3026
4696
4385
2074
6653
1352
3699
5724
5355
6501
1142
5881
2037
4579
1595
2220
788
2402
2460
5608
4215
4621
6628
3772
4486
4767
2763
288
1605
4827
5148
6604
133
473
4219
3016
2584
2255
2238
6034
5737
4759
5760
6638
1433
2739
1796
2569
5256
841
6149
6665
4490
4234
6246
3613
4930
5691
2378
2145
6660
389
6008
2613
2974
1892
3814
3848
1653
4502
4206
5256
123
4135
4836
3600
4378
3904
5330
6625
1620
5881
1729
5438
5026
3144
5523
5887
2334
4147
4766
4316
6273
2178
2170
639
6450
4604
1828
4573
3897
4286
6633
2496
5162
567
6857
719
6025
3305
1085
230
3702
5136
6377
3246
1057
4657
1206
363
775
4757
5440
6721
2254
4302
4732
1385
6461
404
3222
867
1783
3368
208
1957
3697
1249
1322
1695
1766
3774
4376
133
4254
3582
4694
6933
5203
1175
2885
1606
2445
3364
5032
1730
5649
1512
4532
803
5685
4225
2972
3779
241
2449
1200
1907
6234
3745
4923
642
4377
5050
2445
1186
3992
4374
3213
5944
1631
4589
5662
3471
4428
100
299
3196
1085
1421
2026
3679
5762
2524
2357
2036
2402
2877
691
6560
6283
3797
5513
4156
2258
4628
6074
1301
3447
3077
1701
2210
1740
2813
4409
1686
1584
3466
4149
5539
427
2441
328
3940
3227
6933
1667
3809
2127
2902
2269
5197
1241
5517
2179
3478
4929
6757
6635
6376
6190
397
2158
6070
6473
363
3620
4040
811
111
6769
3777
156
5660
3173
609
539
4346
3427
2760
5403
5495
295
1194
6320
1346
2014
6402
4492
1557
1381
2452
4570
3369
5592
620
5126
5622
1445
5422
4749
5081
6351
3374
1915
2115
5069
6470
2008
5979
1356
4186
5720
4418
5709
1837
5814
756
5345
2141
3475
6785
5845
2396
937
2438
1325
2321
2345
1809
1582
4634
229
6646
3323
6321
967
1479
4031
1712
1912
5274
6182
910
2070
2228
194
3553
1826
4772
5737
3425
1757
1113
4600
3295
2381
5073
4678
3278
1316
6741
2574
5574
6666
6369
3229
6209
5884
4220
4808
3202
455
1998
981
3162
2684
6196
4929
6678
5276
3606
4758
664
3533
6806
3723
6145
183
1306
3327
4005
3429
3224
1551
1281
5598
1104
2814
2151
6634
5678
5808
139
6655
214
1796
5814
3296
2504
6912
4762
240
5681
1288
6602
2537
6196
5837
1081
2249
2266
4838
5614
3688
3735
1184
5513
449
5920
1905
5745
5645
5907
6060
6514
3536
2162
1944
2299
5992
4971
2758
2229
5412
2830
2213
6733
2932
3141
6377
2181
3566
3345
2204
2857
3449
515
3918
1470
6342
1298
4599
158
2699
2718
4363
2539
2969
4530
1902
1420
2400
4289
5665
4523
1613
1026
693
3965
121
2476
3435
4515
971
3374
3382
1781
6346
5627
933
35
6632
1895
80
3960
5967
6787
990
4253
681
2184
302
2732
348
4865
6528
6229
3431
686
6892
4687
1117
3572
5572
5365
2152
1402
570
4110
629
5974
5763
3265
3339
6624
647
1514
4161
6513
4979
2914
4437
3280
3786
1129
6202
1051
2978
4994
6425
3295
5366
6891
2142
1852
2274
3886
6802
1623
2117
1130
1783
133
3018
321
6443
6807
2839
4441
2196
6047
1035
4724
3820
236
4419
3138
763
6688
224
338
3079
6819
4633
171
4917
2384
456
2293
505
2672
3499
1537
6688
4474
4589
232
6894
2979
6274
6113
3525
4410
1477
2989
3335
2831
5160
775
3098
6716
24
3839
3692
2481
4412
3413
703
5952
6806
3827
4653
5440
386
2740
3801
1202
1251
3205
4456
4894
3807
1353
1992
5337
3286
1886
4419
1030
6276
2616
5861
641
1022
257
3604
4642
4617
1296
1888
3286
3675
866
5648
4075
2569
4446
1853
1347
5286
4358
1930
5714
4450
2391
1867
3361
6100
3728
1360
125
6196
2726
1944
831
5366
3218
4930
4112
5357
2870
5475
3755
1029
3623
2780
1941
6959
4076
2004
3510
5826
1022
6858
3744
262
6096
2736
1806
5256
6929
5409
5626
4391
6803
774
4341
1907
4454
1790
5838
3716
1823
5822
2598
457
6525
6187
3807
818
2535
4805
2347
2471
4286
2824
5652
1494
2976
689
1749
5709
6855
2672
1528
4605
1962
3021
2245
146
793
6115
5140
194
2292
5673
1811
6205
2985
17
5663
297
4216
347
2158
6480
2492
225
6442
4673
5873
5126
4064
4037
1928
3181
6850
4666
875
5008
179
1209
6898
3845
1630
4151
14
202
1144
1410
1363
2185
827
2897
5111
1883
2960
5959
967
6384
6260
5334
5303
5992
2453
5587
1448
6933
1097
2597
5777
1261
1539
1921
762
2803
2096
3409
4059
1969
138
3444
6120
4618
3721
5127
2663
5245
1674
1523
4023
4667
4618
3282
4272
6545
4337
1217
2999
4741
837
1544
4392
5730
6624
1762
4021
1630
5737
5681
4401
2892
5091
5683
6781
5167
291
808
3910
5656
6902
3405
5963
6103
5320
1404
5192
433
5892
4479
1117
4380
3160
4845
5078
3910
1604
2870
5712
4894
2969
2070
5199
2425
1210
86
855
3534
6579
2799
3419
4690
4118
1576
3300
1838
3393
5673
3269
728
200
3735
1211
1555
6221
5002
4568
1567
1139
5969
1675
4240
2423
5604
6286
2301
1339
115
2836
1274
4043
1238
6203
425
5584
6660
1381
827
2227
521
2964
3933
5946
4780
6826
5709
4660
6597
4270
3861
2870
2555
3881
981
212
1666
1132
753
120
1009
3284
944
1353
6153
3951
2212
6206
4948
1654
4883
5431
123
6452
5942
6800
6218
5721
6401
292
2523
78
567
4232
704
5291
1500
481
1641
6391
332
3020
665
1930
6953
2471
3151
3725
4871
6797
1344
1668
859
872
4077
3437
4074
5072
5236
6377
4045
2115
5564
3259
548
416
2151
3966
5039
1816
3188
5697
90
1381
1672
3267
6717
2579
5538
1299
6687
5926
1376
2882
2419
2782
6065
5950
2001
2865
1682
3525
901
6607
9
6832
4244
5252
2294
6801
3691
5059
87
941
3391
6030
3168
5002
3425
304
2200
5783
3296
6876
1343
2854
2157
5575
2005
2856
6857
4112
2132
4807
5160
6391
3957
2377
1638
6556
1222
4055
6512
6346
238
6499
1108
2971
2027
941
6190
2299
4798
3964
5684
2879
1055
4242
3518
5071
4816
5350
210
1504
714
2928
1905
418
901
6695
3836
5859
4572
4671
3525
2031
702
505
6421
2618
2701
685
5098
6775
1422
4113
3345
3766
2126
2578
3988
4270
4696
3156
6821
3485
5248
2654
2180
932
4409
1529
6563
2449
3828
3845
528
1758
770
1420
2021
2443
2456
5013
3119
1126
6163
6951
1120
3203
4758
2568
2906
3500
5960
6629
1265
4367
3291
776
883
2396
1254
5728
2895
328
2983
2720
2284
3505
781
3346
4792
564
25
1804
153
4882
3430
3949
5278
3646
772
3830
6385
3310
2083
2617
5045
1145
5944
4106
5800
5603
4208
3083
1258
5331
1723
3462
1487
541
3309
3873
4352
1850
2913
5770
2874
99
1594
4837
3482
2423
4682
2081
658
1579
661
6412
513
6566
4042
449
762
1716
5360
2606
2508
4240
359
6376
3716
2315
5009
1188
4482
6040
1248
6838
113
1819
4301
6024
782
4463
1744
5098
1655
2516
484
4023
3030
399
5003
702
4221
963
5989
4909
6889
5360
1856
4642
444
1685
1885
1890
3426
3668
5815
4959
2249
682
2320
4513
5690
2604
3639
3687
1349
6471
5465
5827
688
4826
4980
5753
4898
1052
4348
1354
4188
4908
1992
2648
5030
5646
5758
4177
5784
5944
3059
1957
968
6392
2575
5723
6077
512
936
1562
4601
1281
3753
2769
6777
4126
747
3590
1179
4836
4999
6486
4466
5851
2938
2583
2802
6643
1988
4811
768
2988
82
4753
4578
1028
3187
2595
2274
460
786
573
2166
2841
6613
2350
6134
3258
5657
4110
6371
613
6585
2682
1213
6029
3752
6811
3011
4297
2788
4039
755
3559
4606
411
4394
4913
439
6667
964
1624
1962
3596
6682
3498
3435
1637
3867
2897
919
4311
832
4744
5912
3648
3269
1885
2072
4797
3689
2521
6644
669
3587
2288
6128
6898
4619
6674
5578
1046
4146
939
3857
608
2759
2775
6728
6105
3625
3511
1127
6288
1575
1037
4052
5692
19
6802
3121
951
5905
525
3243
3958
3610
2594
6650
2291
6382
6187
1356
4242
2512
4130
714
4342
1817
4488
6273
947
2337
440
1803
89
806
2553
6013
5723
1119
2887
857
3596
3583
6732
5384
2877
3559
1581
5911
1681
5704
2700
2300
6332
914
757
2165
5973
3204
4859
3935
648
2431
2736
6900
1744
2435
2535
188
2098
3731
3961
894
344
1497
3977
6032
4657
6407
4294
4267
6076
4533
599
1403
4105
3595
3940
3694
6362
5234
3218
1774
3482
3689
1249
6219
5386
2374
6666
5900
5657
2370
2752
5392
1566
3387
2307
3270
2354
3820
459
1848
2735
1743
1605
1698
1571
4341
4863
1405
6543
3149
5221
2895
3062
5283
2581
4107
1248
5346
817
898
4920
4014
3667
2363
3883
2958
2989
4378
2360
6551
2519
5178
3710
948
6804
5231
4528
5324
2310
5945
3649
5929
1971
754
4637
4926
4129
5528
6392
3158
105
2859
5816
6881
5982
1319
2905
2730
6658
3756
630
3008
3860
5779
346
3878
6466
1505
2225
4033
973
2775
3650
4708
6522
3771
5902
2606
196
4185
6141
1351
1020
4698
3837
6881
4693
5435
189
2149
2282
5001
678
1873
552
1571
4706
5115
1264
1955
1321
5496
2110
2933
3690
2322
2603
4606
233
4664
6612
5436
5683
4433
269
1563
4071
3049
5621
1697
5276
4551
6891
870
2544
6295
2377
1276
3222
1094
1936
214
1262
5981
3035
84
3976
570
4889
188
1296
19
6229
6261
1384
2803
3778
3570
4059
3996
6235
3518
2926
3239
2078
5199
4832
2852
65
6092
3044
3174
2632
4036
1755
297
1708
3622
1664
5141
4506
5301
2475
6865
541
1377
5407
3822
29
4221
4827
4651
60
1165
1841
2367
4459
2139
2666
433
2985
5102
6574
6571
5866
484
220
5564
803
3529
1894
4730
5869
4193
4715
3905
1870
2927
207
5668
4381
953
5111
3408
5031
1481
714
3015
138
6767
1623
356
6377
1932
4164
2577
3333
2627
2489
1447
6862
3480
983
5844
2577
156
6335
1148
2295
3982
6104
5485
2864
6507
1027
86
3224
898
6221
1155
5315
1590
5837
5367
3237
828
5188
5221
21
5733
1066
3848
1263
809
1197
2918
666
1602
1328
1036
2690
1120
3528
1417
5499
2752
3207
3743
278
2579
4331
723
5681
4965
4084
791
2313
1735
2047
2537
3172
5266
5869
5133
2019
4508
1751
5312
3170
4063
1097
5399
5755
4612
926
6197
5715
3671
6926
1095
1623
3346
1732
3431
5987
2677
2549
4963
5185
295
1237
5298
6324
3846
416
5211
4016
6194
4070
6243
1789
2423
6607
5607
915
2429
3693
4863
1234
5446
1945
4053
597
4719
3248
5033
508
6514
1054
4025
154
4653
6206
1507
2384
3105
3631
2191
1934
4212
4494
1965
1180
2456
5502
4309
4379
1162
1444
3155
1028
2420
6470
149
2219
6798
2843
5173
543
3502
3756
319
2308
3881
5465
713
433
4017
5157
6645
2128
4495
2423
5357
441
2321
795
3541
5155
3945
1622
6626
369
1016
2462
4999
2300
3346
431
5345
800
3785
641
4575
1571
2446
1623
6510
2813
3681
3046
2729
2938
4595
317
6531
925
1225
5948
1844
1045
1801
5736
946
1704
2929
6101
6953
5443
6742
1869
3972
2319
2594
4875
3994
3620
6619
6122
2609
4269
241
2909
2681
6233
1835
2511
2372
4206
3494
2253
2071
5600
3181
1545
5559
1928
1902
1396
5634
2122
6216
2159
3367
4318
6387
1531
274
4924
3262
2736
3265
6729
3071
4847
471
941
1122
1630
5544
4262
6689
294
1542
3134
2388
4491
843
187
2908
1651
57
4337
6390
1395
731
5384
5865
2936
2315
1749
6851
4956
4893
4525
1711
2597
4232
2437
1022
6094
1863
4288
6530
221
3929
1861
4190
2344
94
773
5008
6846
2547
4185
6736
6475
3270
6359
1769
1985
6523
2035
1752
3526
5758
2055
1852
345
4676
4160
722
1576
4809
5660
3856
2781
406
6564
6169
2746
2505
382
2531
4487
3087
6291
3269
3583
3
6266
6921
5242
3768
6558
6570
4137
3938
201
3273
5761
5828
4263
1216
5506
1017
4198
4628
1174
2424
86
4487
439
2157
3
1890
1527
898
5225
776
5737
3876
609
6497
2727
2307
6036
4025
4508
554
2947
3061
6233
2106
3579
4972
5605
2746
2901
1080
232
1976
4793
2041
5113
1096
3730
3581
3479
1553
2311
590
1170
6764
3956
6751
1863
3677
3715
1230
5414
3500
3798
6309
2482
388
6811
3190
4542
4408
2100
414
4201
4366
3962
3197
6598
3218
253
5412
498
165
1553
4664
2910
4432
363
1061
2866
5916
3824
3882
6623
3678
6325
4387
4825
4906
456
2803
6859
5158
2341
180
4002
5291
3586
2247
2708
2387
213
6233
145
237
1825
803
1241
5533
1945
3883
6212
3566
197
5560
3998
4874
4469
5666
4146
5361
2723
5253
462
227
5578
5934
5930
1025
6564
6835
1280
6204
3771
5094
2434
5509
1791
5273
1388
6648
6266
2028
3127
407
3608
470
1389
5770
3424
4794
3815
6800
4620
717
5863
3505
2948
4585
915
6929
476
5533
142
4427
5195
6161
165
1456
2799
159
3495
3325
4147
1345
2247
1647
517
244
3671
6894
5716
5612
835
1780
1022
2066
4021
2045
3799
4967
1374
4134
6654
1455
4253
2586
2195
6837
6436
6559
3099
5008
4988
4846
6657
1771
6695
2034
4171
2363
783
2820
5088
1972
5549
1088
5443
718
5608
3592
4966
4228
288
3893
3266
5297
4489
1104
1697
649
5058
5069
738
5183
3132
616
2167
2588
1346
5556
4690
7
6607
3893
1615
993
1050
5058
3346
3824
593
2975
6385
2597
3121
2078
6306
2568
899
2253
6772
162
4216
4401
1364
4663
291
736
6256
49
369
817
1835
3785
1246
3465
6624
5919
1763
2376
3757
5233
1696
3836
5327
502
4903
1760
5414
283
4402
4387
1010
6256
3694
6433
5494
1089
4776
2385
6881
3678
538
4506
1272
307
5554
3702
6704
2190
6754
3189
2761
6376
934
4707
465
3487
1262
4551
208
5228
4023
5673
141
6931
1837
2587
3593
4607
114
2561
5286
1121
6182
6045
2346
5497
3719
3696
5805
1252
4652
3963
4894
2343
4078
5120
3425
6261
3196
2455
2837
4774
4919
6128
6187
4308
478
482
688
1364
3626
4185
2934
3143
4239
6132
6235
3135
6758
3542
6062
4898
3530
6663
3790
1920
2303
2389
584
3724
4307
4863
1470
2024
3085
6775
509
702
4935
2204
3637
4785
887
5071
3542
4745
3973
2816
6949
2575
3794
3151
2014
2044
3064
1610
2724
3475
1394
1788
1117
4900
2871
4595
879
5628
3690
1489
5599
1514
241
1419
5169
222
6342
1996
1200
4011
3368
4572
3212
6834
2969
6321
303
651
4377
3473
687
3113
1535
5521
2870
1009
6423
824
2742
3970
1890
6028
6475
3339
723
3915
2730
1491
3541
2588
6172
6181
3889
5344
506
2740
2413
6818
6942
6835
195
3389
541
1632
5633
3720
4757
4350
4250
5183
4456
6092
828
6088
261
2971
5349
2139
5444
4185
4051
368
5171
2772
6415
501
4103
6435
3318
4335
2352
1104
4724
34
863
1304
2849
6366
3023
2464
162
1702
3211
3657
6707
4323
4329
4360
4687
6772
495
4517
2468
1745
1088
265
2577
3649
222
3104
2978
5338
1978
6777
853
2173
4101
6205
1362
2372
5166
3967
266
795
4989
6947
5869
3204
1465
3504
6712
40
1517
5432
5448
206
1953
2453
6337
4015
1535
2319
4630
3378
3824
678
5687
300
3495
153
192
500
2094
1714
3459
1232
4527
3097
4531
4165
1667
2708
6078
402
5129
4384
637
5864
5319
5176
337
2098
2845
2391
3543
5737
4925
2446
6198
1109
1927
2388
569
1514
5813
643
3125
2358
5356
1592
5005
1495
3266
3285
3811
6861
5703
5562
3698
4024
6919
6506
588
1866
2486
6325
2116
4745
5758
1181
4730
5761
6146
2892
672
5994
2743
5885
3094
3759
1802
1844
1632
4407
737
1822
1534
1852
6406
6811
6363
2730
4742
4714
778
4634
4696
1787
2587
3579
2094
3841
154
2919
6735
2455
3780
6525
4479
4771
3722
1525
3940
4732
810
3084
3032
4949
6398
4040
6120
1676
5460
4915
5140
6074
3007
4151
2471
2024
2445
2345
1807
6881
3820
6448
5955
3334
5196
6540
1098
5713
5966
5056
759
3948
3852
5518
2175
646
6115
750
5561
281
1730
5514
1615
3137
125
6625
4559
4941
1052
965
254
6615
6800
5827
936
5524
4135
6402
4632
6283
2379
2260
733
5688
5282
4746
4668
5783
2921
431
3197
4373
3898
3355
105
4608
1202
4584
3542
6180
2867
361
4896
739
6534
1815
486
2676
2025
6286
2707
4249
3778
5393
1435
6924
5574
5502
6193
4657
2536
5146
4254
1547
6940
4040
659
4278
4023
3015
3680
4040
6413
5346
1676
6844
1063
3556
6245
5024
2164
412
2017
4535
6801
1142
6002
321
4188
1641
4690
3496
246
5314
6787
5828
747
2286
2690
3098
4936
4262
1215
2365
204
1699
6640
947
5837
2776
5724
4575
3952
808
3697
1229
543
2579
556
2938
5681
753
6465
3799
5856
6703
3720
4018
4076
4514
59
6285
3774
209
2881
2733
5692
4899
3280
3067
2099
5364
150
2958
853
473
102
5420
500
4171
3779
5797
2563
2430
43
5224
2778
2587
2545
3569
1054
4222
6538
4146
3855
3862
2467
2418
1552
5618
3154
6424
5308
1825
2425
2419
1275
3254
1804
4626
6810
3846
4268
3428
3479
1159
1165
3551
828
4475
696
3562
3491
3723
6574
6029
5024
5035
3406
4241
4326
4189
3262
2396
3680
2939
4365
5828
731
929
744
3369
178
5888
6369
2017
2984
4312
2017
3753
6349
1531
5249
5732
4521
2256
1641
4669
762
1593
6887
1795
3734
3988
4900
5480
4874
2914
4536
4790
2714
2238
3004
2292
5710
43
5224
3446
4811
2265
1964
2854
5399
6083
6264
550
4078
913
6503
5731
1960
3014
2004
1179
371
1242
5505
5408
4078
1463
1301
4603
6822
4698
4186
2237
6157
5333
2729
3259
639
4059
4666
4181
1443
4039
5479
6954
6345
6713
3374
5230
4148
3054
5492
3339
6886
5067
5957
1959
4038
2610
4697
3038
4677
6833
5034
2201
5754
5362
574
4581
4060
888
76
5149
6358
3618
351
4773
4306
4754
4567
227
4304
975
3995
5767
2152
622
5316
6142
6064
5697
788
3747
810
6126
4473
1380
336
4008
239
1310
991
1759
5360
1330
6811
5469
6127
4338
4190
836
5804
1898
7
2384
2797
6578
869
726
4900
2167
3916
5717
2085
2857
4848
4804
6908
4089
6031
3690
963
1887
2145
1570
5134
2417
2805
2668
1002
2679
5104
2609
3025
5658
6242
398
4087
3657
2802
355
468
2287
5874
6902
4084
5263
6564
6093
3887
1766
3916
5028
1777
3488
1265
1146
5115
2336
3938
3642
4733
1520
2253
1915
5461
5083
6677
4330
852
434
3814
1258
4808
951
6896
3877
4110
522
6598
3187
4325
4044
3169
223
1506
3913
1261
5201
1390
137
376
4320
28
6095
5790
5184
6599
902
6460
6076
2678
2997
5721
79
2229
1805
1354
3727
2171
6656
3730
3018
6320
2752
835
5820
5726
1579
1998
6380
1299
4910
1728
4949
4190
525
3120
1002
6258
3892
5229
994
2136
1245
6434
1423
2218
2579
3060
5967
5026
6652
4723
1633
374
6727
1180
3803
5888
1638
4363
3252
5439
136
208
5164
1551
4357
2370
2728
6512
4139
1182
5566
1438
4547
4890
4785
5481
5273
624
5428
3270
2966
6330
4743
2168
1231
3296
501
3080
2900
5343
3201
4778
2262
513
3138
2039
4991
1991
2651
4727
3812
5003
9
6663
2006
1052
6589
5131
5971
2946
4480
360
5635
3443
216
4677
5340
3652
3668
2261
725
5835
5612
1534
5007
3864
1362
4344
4369
274
1024
2561
1204
5054
3660
3651
3382
826
187
3498
5880
1531
5731
3286
1547
5896
690
248
5557
4236
6530
6143
4162
4874
4765
5108
3140
5122
6638
6096
133
5527
4877
3930
5835
3030
4513
5026
3095
1300
6591
240
6399
4443
3369
6095
1131
6553
623
2325
469
676
6624
1273
6075
483
3751
1345
2657
595
3427
645
4464
3317
4243
3967
3318
5301
1839
3175
263
3467
3160
161
128
311
2858
5514
6439
490
3624
4878
740
3972
29
3871
2835
706
1737
4156
5679
4001
4272
2017
1473
1966
4084
1247
1528
3725
3294
4199
4469
4426
4761
468
745
4169
4126
2988
3334
1465
4967
4979
1274
765
5982
2109
432
5612
2633
1009
5523
5886
3448
1110
2547
971
4247
6451
5315
4683
6930
6182
6225
4332
4344
627
4127
6695
4456
3826
6146
4563
5003
6030
57
3251
5419
5682
553
4411
2350
3364
629
1131
2432
4577
4075
855
4399
6705
877
44
2376
3774
1584
5216
2820
2356
2276
4088
1705
62
6055
1820
1861
6727
6305
5043
6510
2346
2618
6181
690
3200
5588
2026
2088
4939
3913
3164
5206
3276
418
2311
4456
4494
1144
4360
5840
6741
458
5033
5859
3552
4710
2257
3671
1060
2439
4429
857
3420
6670
143
6266
1712
6159
6689
3862
4360
6652
1469
2227
873
2412
5402
6505
6653
6278
919
6135
6091
5838
5740
4559
3879
1493
6916
4454
1233
5877
6065
6444
1171
4374
1497
850
3203
6292
1614
436
1907
6468
4288
3906
3236
4345
5870
1246
1394
3017
2032
3213
1928
1156
3020
5717
3488
2521
1060
85
822
2318
3327
3805
4465
6012
6436
3722
3530
4022
1737
5957
6291
4269
4355
4581
3626
5085
3755
823
539
5011
3129
2506
4141
3815
4130
2717
544
6380
1702
1360
582
5500
4957
5630
231
3641
4365
6468
6580
6578
1712
2041
208
1584
351
1629
2480
2509
4622
3702
4665
3607
2362
1452
6878
6797
5890
4289
2002
1582
1074
48
637
1513
2302
4304
1847
3860
2521
3377
836
3388
2564
1613
5877
562
1828
54
4530
4538
3595
6886
2258
6735
2133
4263
1618
4976
5720
4633
5615
1029
4318
3690
3363
412
1231
4337
3639
4044
2206
1625
1656
4961
995
1030
3541
1088
4592
5010
803
4516
6251
4733
4517
4098
1793
195
2978
1573
2491
4298
1965
1434
5714
6906
4396
3452
4137
3856
3797
3035
2857
393
6957
4005
2116
111
6008
1630
3435
5508
2578
6683
4839
2024
4438
4869
1716
3276
2024
1704
592
3224
274
5058
2602
4132
777
5123
939
5300
1158
3523
863
712
953
5309
2638
2990
2105
3314
6057
3447
466
702
20
5818
3808
4066
5338
6467
3959
4907
2980
1928
4633
7
3196
654
4534
2994
153
5575
3346
6780
2633
5466
6952
4010
2760
1307
4226
5000
4374
2576
1259
5126
2903
5755
2170
4292
4048
3729
6396
2767
2171
4055
2967
818
2810
2761
5334
5871
707
3865
1823
780
6604
2583
6717
6138
1241
12
1634
6168
1175
3573
2116
1862
1425
4788
3784
1809
443
6836
204
3027
3167
6864
5915
3802
3895
596
2907
5606
4167
6889
5837
1958
2387
6798
225
3149
328
559
3422
6922
2309
1158
6525
856
3817
334
2855
2498
3917
1567
6352
550
535
4969
5910
5891
3813
4151
1275
5282
6585
4802
2360
716
6426
4819
5664
6390
2865
4643
3364
3059
2763
1749
5123
1217
5838
1086
3230
975
1120
3401
3408
1433
1325
3406
2142
3787
2989
3537
1794
6143
540
3952
5150
2848
6307
1162
6639
3634
1262
2649
6063
4922
1437
5806
5908
4287
961
356
1585
4365
3495
973
2930
3820
2150
4568
4629
4663
2871
566
1111
3517
4166
6345
4841
4921
6598
4236
2928
2546
3298
6086
6917
1740
2327
6643
3175
565
913
5616
1353
3601
1775
727
3956
3163
224
3275
3146
1541
3893
2974
166
6000
3090
5226
3742
1236
5932
2566
2679
1138
3431
2083
3154
2212
6381
3501
2472
6559
3250
6921
836
3312
4527
4852
3705
4961
4056
2733
3224
2833
1740
1505
3004
3201
6460
6304
5993
3523
3964
5377
3220
508
4528
930
1643
6656
5721
1545
567
4164
867
4748
1014
5523
460
1764
3691
5907
3060
2655
3222
1952
1784
4712
303
2070
1101
754
4492
365
3412
2861
3285
6870
206
6531
4122
1242
3343
5757
2594
4165
3215
1855
4697
4218
2226
579
719
856
832
2992
1296
3632
6679
4155
618
4494
3133
25
2966
998
3943
135
4712
5754
2342
2149
5161
2641
2416
6160
4907
2773
313
4461
3456
5890
2617
1228
2848
3704
3606
2233
316
2526
2113
207
6098
2707
6353
3071
5782
170
1323
2132
5823
4617
490
6426
2010
5225
1021
3628
341
131
774
2218
6648
6614
375
3795
6470
698
4292
298
908
3759
600
6129
4001
1024
5159
4163
2331
6322
6265
2900
3118
1267
764
3443
711
6024
302
5811
1645
652
6511
125
5427
6313
4262
4105
3271
4091
4209
4305
607
3228
908
2227
987
6843
320
184
5566
6782
4700
6151
2314
1515
6651
3663
2172
6762
4462
2516
4128
6907
342
6646
1778
6380
1146
3910
1114
1371
6126
1068
1662
6449
3680
2579
6818
6874
2204
143
5314
2236
2428
2677
1535
4411
3393
3865
986
5712
2771
4246
3314
1633
2187
2642
5287
1018
1838
5962
269
3145
1528
559
2042
3600
734
2229
2783
6872
6668
4629
190
2139
6272
1082
1161
2236
599
3446
2574
2955
6404
2474
5983
2564
3873
4353
6488
5933
4250
1795
4111
4256
6264
2293
5620
5512
5794
2151
5194
3786
5243
4621
2528
2641
3198
4859
6711
2241
6442
4078
5186
2076
1755
5635
287
3863
6486
420
4706
2649
358
6863
611
5517
4870
5175
953
5644
1692
1095
6808
6649
4833
1524
1531
519
4114
2545
4229
2027
2699
2747
2795
4400
2048
6018
4474
3625
1862
938
1946
3192
2009
3668
4616
125
6246
540
5422
2146
2163
2885
4678
5842
3941
5982
2158
128
2958
489
859
5161
6550
1094
3086
6945
2684
1839
4246
4215
4170
4362
2044
1359
3227
6445
6568
5246
5971
6955
5133
2790
235
129
5070
2643
6595
6294
3047
670
802
2816
6001
5562
3858
3885
3689
3276
5013
2165
5553
4119
3222
3610
6589
572
1096
1401
6129
6320
3111
2650
3132
2045
656
4430
5470
6670
4348
6959
1780
783
591
4806
576
5152
4853
502
2880
2690
4450
3991
3528
4908
3350
4913
1007
4870
1537
700
1138
2908
5141
2084
5992
4002
3426
2251
6809
5671
3276
2019
655
5836
3408
1555
5456
1128
4407
2641
762
6106
1503
5315
1673
537
3373
2008
4472
4991
3683
5287
2728
1727
1288
5188
3273
1484
3457
3975
6159
1508
5979
862
2616
86
2364
5968
4035
5653
4951
502
6230
3179
5521
3951
5742
779
4748
3979
6917
3331
5652
3188
3400
5615
3113
2283
2324
1860
2795
3842
6922
3202
4620
3273
4623
6952
587
4959
6923
5282
6290
486
978
5067
3101
1599
2862
831
1382
1305
108
2906
4554
3125
4875
6574
4778
1074
99
1234
2475
6093
2870
6900
961
1460
4280
2087
198
5291
2025
5608
5942
571
5372
4705
2753
5890
1261
1009
4589
3889
561
2429
4629
4975
1278
2909
3083
3736
4384
1255
480
5783
6839
4017
1098
2985
1021
303
6373
3692
4459
3425
2875
5087
4766
6684
84
5418
3611
641
2513
139
2513
3271
2996
282
5799
3822
1199
797
1022
455
1930
5935
3189
90
6804
4949
5959
6338
2398
780
6641
3533
1579
3832
1116
254
3613
6593
1767
5358
3594
3661
1181
3349
3907
3663
6038
6825
2898
2206
3156
1727
6856
4457
6379
4585
2453
1807
2153
2630
4496
5987
2391
3117
3068
1954
3133
245
4035
865
2911
5881
5835
1645
2276
2390
3642
517
4925
2664
1515
1347
3179
6881
3580
3151
5279
2546
1714
6251
2339
5006
885
4787
4596
3295
4883
1952
2509
4114
4955
383
522
4161
2913
5626
3488
741
6464
4241
3568
6054
831
2876
1935
3242
1142
744
4937
3835
8
1667
3937
1219
4916
2507
6662
6567
5162
2829
5504
2124
1156
2340
4253
3194
6765
6497
4338
4294
3740
201
5332
2021
3190
143
6173
2862
1797
6814
768
4585
6089
3601
2457
528
3965
6320
5102
3409
5531
2979
1362
1122
5249
855
208
4138
1231
4726
916
2753
3818
1423
1062
3634
2539
3545
6476
3305
4749
4948
2330
6049
5541
1179
6790
5851
359
6410
2755
6562
4140
5108
2887
1611
144
899
4590
5456
2333
3909
6251
2401
113
1052
670
1237
3267
3174
181
1055
377
616
6664
4754
170
1767
1000
3918
1521
3808
6755
2819
6698
1465
3834
2681
5425
4368
5123
4623
3770
5330
4134
1147
5909
3084
2400
142
6294
5321
1227
3917
1819
4028
6952
5233
5452
4308
4597
926
4863
3435
3570
3276
2369
6610
4708
5228
6047
1092
4525
6270
6803
1517
1069
1591
4782
1480
1827
5006
1249
2933
1613
2657
1502
590
4746
3217
6393
3059
6153
2843
1859
180
2807
4965
2984
2573
1737
4661
4799
5671
4028
1301
2256
4419
5390
6957
4254
3939
856
652
2982
1080
2979
547
4764
3365
6736
5667
2522
669
6771
3185
3004
6741
1553
1379
6715
4730
1974
3117
4643
3824
1012
6626
3284
2456
2304
4280
4721
5241
4494
2826
1136
3374
2685
1480
4043
1462
3025
4634
927
1211
1570
4239
3859
2864
4928
1828
2487
2891
1231
5394
1416
4009
4107
2505
4797
4321
582
61
6755
2016
5235
1666
2761
5853
6029
121
6725
1802
3964
1359
6070
3226
235
6875
1008
2066
607
3083
1553
4250
2073
951
129
4648
2466
128
3152
3326
974
3462
4989
6669
711
1427
4470
3949
2996
5681
336
1271
4164
2206
1280
569
358
2736
1906
5792
2294
5848
3882
3507
1937
2788
3591
3130
232
3919
231
2019
4877
5416
6
4764
1848
5372
1440
1480
6284
2181
1269
2682
2528
662
30
4482
6288
2931
2299
531
2174
6098
4782
4600
5011
5679
15
1581
915
6613
1400
4376
1592
4441
2410
4598
2978
154
6254
3689
537
2110
4023
1702
4288
1444
4506
1827
6205
347
1842
2469
6576
7
6270
1010
2205
2135
5294
243
2472
4877
1591
1879
1100
5785
5832
4436
1538
3349
2215
4178
77
6692
5306
1962
1822
5394
1533
2627
6930
6484
4103
5872
3198
5674
2813
6489
4255
2093
3576
4097
3925
3725
408
4244
4173
4285
6116
2359
5371
2851
3954
11
5943
5886
4552
4869
1985
4548
270
2371
5226
3585
937
2785
6951
1668
1363
3450
3695
1342
2954
3168
3666
215
4677
3769
6456
4394
3865
6446
4539
671
896
5636
2162
4197
517
949
3702
3026
3512
14
2576
6431
2034
4252
5120
4445
475
4424
6771
1215
1511
3253
4376
3489
2129
6065
6271
1338
3932
3709
6469
6826
5647
940
5319
3860
3681
1424
2379
5143
1583
2897
3142
2579
2148
5170
1167
4849
4223
2491
5603
778
2427
118
6070
4037
5712
2209
5807
4888
2007
5932
5734
2838
2717
4076
3949
3660
3813
523
5525
6411
4251
1793
1032
3130
1130
6367
2846
6657
2173
1150
3989
4645
907
4450
4906
359
6055
3552
2975
2515
4991
2982
349
2002
1836
1858
302
2152
3593
438
4059
5428
999
787
2029
3843
4781
5593
1320
6031
2487
6182
4667
1238
2180
3835
5409
2182
1345
1989
2437
4380
774
498
432
1003
1450
4258
6269
548
3837
1140
2187
3021
3643
5392
4751
251
6002
2455
6816
3063
852
1022
4910
2523
1462
781
5358
6361
5142
4765
1688
3272
6116
1049
6472
6569
1449
1793
2803
3571
5197
1563
263
1066
6604
3700
5572
2429
757
2483
1085
4154
1367
6188
84
5127
1106
6607
1904
2982
3759
4591
53
3632
1108
2092
2364
2704
2328
2366
5455
1789
3577
6568
42
1634
4897
3
657
5114
2841
6099
4975
794
1768
3897
3005
3410
5338
6644
6334
6099
3806
5455
6499
1527
2519
2090
68
1451
1102
2236
4612
2353
5751
6910
3501
2068
6027
21
1923
2813
3305
5730
2711
2662
389
1561
4549
1354
2598
3182
4350
2120
2643
2921
1939
6716
6411
1356
6837
6054
1161
1124
4376
1999
5597
1305
946
757
2984
5974
3087
4579
6107
2614
5727
4524
1939
3096
3199
1521
3235
1211
4789
5489
4002
1796
3924
6659
870
2054
3486
1953
721
3067
1681
4195
52
170
901
1209
3281
1481
6654
6160
4346
1879
6833
494
2726
4847
3339
4210
624
1803
1934
5893
5255
1347
6877
5396
2852
5314
1776
4668
3183
5715
4290
4031
1001
5076
2257
169
1109
3500
1001
3928
4029
5582
1090
4577
6620
2550
999
3379
2237
3805
4211
5096
3184
4310
2978
2663
454
196
955
2920
6772
2889
4647
3331
3356
6375
4124
1538
1954
1390
104
986
5225
821
4664
3129
93
3214
5074
2605
613
4181
3452
5061
6207
1773
2193
856
795
2569
3373
6508
2166
4940
1103
2502
2202
4418
906
3302
4093
1043
1776
3944
6142
317
2354
1551
3833
505
1332
1161
4083
558
5630
5908
3306
4248
3250
954
982
2311
900
6584
6447
1581
1650
2572
3498
2256
5221
755
1136
4519
733
5264
4823
5909
914
512
3473
2249
6065
3868
4345
2601
127
5919
5797
3642
2629
1670
1182
2186
4473
2303
3343
3982
149
2303
303
3096
1211
2125
5293
2568
1334
2949
3561
5327
1539
1730
2905
5815
4627
1392
1933
5869
1500
1531
6748
2285
681
4374
4624
