1000
1761
4499
3159
6081
3758
6811
6528
480
3980
4302
5593
14
818
2153
5564
2931
6199
6124
4857
939
3241
5129
272
4093
6156
2594
3048
2505
4101
2216
4596
4148
4244
3269
6674
4767
1061
6291
5763
2887
2234
2991
6321
5554
6952
1135
4114
5358
2780
3728
6688
1392
519
1075
6679
1056
1563
3859
3747
992
3764
3679
660
13
1951
1556
2086
4813
6928
1902
2747
2858
6337
4139
1966
4680
374
5586
5984
4180
1295
5700
6339
6338
4371
4407
3657
2364
3806
2945
5915
6532
1860
6231
2931
1634
3840
713
487
835
3941
3329
387
1901
6033
5273
1184
5761
5089
6187
2670
3221
2203
6116
1078
2289
1995
4843
5292
6724
4406
6485
2772
1819
3666
3931
1770
3498
4760
4349
1277
4856
5987
5278
2211
1697
5657
6171
4679
4692
1874
5297
2248
4440
856
4197
2290
5045
4940
3779
4554
5721
4886
4519
3695
2912
6039
479
2934
1115
2600
4405
2017
6577
6315
5985
483
3766
2732
5983
3502
853
3666
5068
4417
974
1417
5490
673
4017
3260
6475
6922
2998
2508
6151
3144
1511
2340
1402
4139
2906
4912
4078
5390
1223
3669
2629
2009
2839
2409
4074
5712
1185
3944
484
1685
6679
2091
1839
3929
5169
2356
2029
1686
3221
2498
3047
6814
3839
90
5063
6609
3542
1405
6780
3236
3466
3149
6104
2333
4521
5915
4102
1564
5081
4576
244
3992
2816
2935
3302
6036
1994
62
3098
4563
1047
50
3897
4633
1608
1277
2654
3190
6531
2484
1371
5591
6503
4318
2140
6617
5591
4445
5018
6469
2684
2746
1805
165
5289
3822
3346
4054
470
561
5327
3200
303
1206
2838
1499
3086
1506
4006
424
6555
5636
2733
5537
6169
19
6141
6722
1817
895
1070
2077
6468
1140
6491
3422
4370
701
581
4237
3099
2500
4151
633
2618
4863
5260
6582
4073
6468
4824
546
2209
4087
4236
2466
3823
1669
3423
6165
3912
3234
2680
968
477
6756
1497
2981
1202
5297
1980
6924
6020
3920
2610
3746
4869
5996
812
2251
963
3586
603
2341
4145
5138
1504
5812
5158
2927
2016
5009
4766
3292
5717
1142
3307
177
2506
1419
4912
1303
5739
765
6823
2249
650
10
885
4320
4318
952
3487
3444
5478
6401
3158
4870
1414
5175
1696
2955
5666
5128
6106
3743
6268
1648
5124
5176
1221
3117
4770
6186
2460
5336
3695
5342
47
4511
3513
2587
2126
220
3127
4128
609
2904
914
367
2064
3419
1179
4376
6031
15
4907
1307
639
2580
4503
6041
5101
2045
66
3608
5884
5606
1198
4483
1183
5111
1669
4216
6609
1859
1814
1082
6678
644
4176
4485
2954
2420
4136
1059
1519
2633
2057
6438
460
3378
6728
1557
6285
3828
3001
2852
2123
3548
1605
4269
3383
4218
6175
891
1664
5832
4963
4243
2394
40
4774
6126
1769
4249
3549
3406
183
6868
4390
3599
1623
4528
537
4669
783
4864
992
282
2468
3368
4563
876
3728
1970
3069
921
6212
3299
594
2910
1064
3318
6595
3006
482
6249
4882
3215
2054
3156
70
3213
6349
6711
6000
3946
354
5058
6249
5999
6540
1320
5395
2606
1979
2016
2335
545
1697
390
3131
1728
1866
2290
6404
2839
438
4771
1128
670
5773
2583
866
2444
3152
6733
6089
3303
5515
2051
1277
1225
1443
6925
874
1527
3801
2850
3944
1079
1703
544
6717
1846
6659
3311
3175
2120
1160
5363
3873
270
1960
3787
3951
1496
5724
1592
2040
4010
2657
3103
4408
3840
1159
2909
4330
4721
1580
1553
3969
1615
4069
1282
4902
1767
2320
621
1832
5308
6464
4767
1197
3018
4799
2289
6334
2426
2168
2407
6718
1801
3768
4206
194
4881
4263
4958
660
5072
3455
2784
4429
5135
1082
2360
2875
1419
2179
1819
4248
6826
1537
6885
4698
2344
2460
4079
3160
6254
5760
458
484
799
5858
4866
20
4196
2588
6037
6093
632
3433
1978
558
6626
4089
1695
1161
121
2550
4423
3471
4991
5742
2742
1615
2104
4639
3883
2485
4818
113
3183
291
4518
4543
6393
2369
1452
2107
3379
6725
2763
2279
2151
1348
2924
889
3170
2920
3544
6498
4538
536
4890
1815
6478
1521
6394
1129
6045
1502
6918
129
216
2470
1937
4230
1720
1826
4276
4087
3077
6909
4556
1397
2016
2042
1720
6490
170
4952
6899
2963
5850
4461
732
4629
514
664
1892
1212
3647
3354
284
892
4310
1063
4349
4195
362
962
1266
4239
718
4637
2233
3175
2944
3832
2703
6238
4781
3467
2751
2407
780
2370
460
581
4305
817
1658
4115
4313
322
6417
929
1419
2597
6476
1470
3456
1334
5789
5453
749
3425
6512
1643
2852
1975
5382
3693
6704
2237
3939
2354
5292
405
6910
57
1513
3163
998
4784
2366
6593
1981
3909
3500
6052
1579
4765
25
2635
2338
1839
1
3313
4583
3696
1467
4632
1267
6706
6536
6482
957
5892
3203
4547
997
5847
952
6599
6827
4069
5822
537
5218
5907
5896
4041
6080
5775
5520
1510
5096
4871
3312
2902
5944
4990
6098
6222
1718
2466
5067
1137
499
6055
4755
4140
6408
6190
597
4509
3384
3464
5321
3315
2609
1183
4999
6591
5060
1759
6131
2587
2259
3321
6718
207
5562
971
1751
3033
3986
3335
3283
2469
1689
594
1118
6363
803
1427
3542
3610
1290
2216
3161
4343
6251
6279
280
3440
1837
2844
1743
1672
3905
2139
1526
6912
4756
5725
5977
3414
4288
3045
3218
6459
152
975
3777
1422
4608
3153
6118
5445
3594
5480
6334
3058
1404
6041
2444
4623
3191
5028
4746
5441
3969
716
974
4234
4232
2400
4176
5704
693
1660
6251
6465
4826
4535
5145
2616
376
2295
2814
4859
5775
5128
2420
2810
984
2678
2358
6853
4258
4950
6418
2750
6387
6476
1686
1831
5278
2631
1215
6378
2121
2348
3772
516
3156
6367
5213
2200
354
187
3087
6293
2702
1827
3727
1010
