4499
6081
6811
5593
5564
6199
5129
6156
3048
4101
4596
4244
6674
6291
6321
6952
5358
6688
6679
3859
3764
1951
6928
6337
4680
5984
6339
4407
3806
6532
6231
3840
3941
6033
5761
6187
3221
6116
2289
6724
6485
3931
4760
5987
6171
4692
5297
4440
4197
5045
5721
6039
2934
4405
6577
3766
5983
5068
5490
4017
6922
6151
2340
4139
4912
5390
3669
2839
5712
3944
6679
5169
3221
6814
6609
6780
3466
6104
5915
5081
3992
6036
4563
4633
6531
6503
6617
6469
2746
5289
4054
5327
2838
3086
4006
6555
6169
6722
6468
6491
4370
4237
4151
6582
6468
4236
3823
6165
6756
2981
5297
6924
5996
2251
3586
5138
5812
5009
5717
3307
2506
4912
5739
6823
4320
3487
6401
4870
5175
5666
6106
6268
5176
6186
5336
5342
4511
4128
2904
3419
6031
4907
6041
5884
4483
5111
6609
6678
4485
4136
2633
6438
6728
6285
3548
4269
6175
5832
6126
4249
6868
4528
4669
4864
4563
3728
3069
6212
2910
6595
6249
3156
6711
6249
6540
5395
2335
1697
3131
6404
4771
5773
6733
5515
6925
3801
3944
1703
6717
6659
5363
3951
5724
4010
4408
4721
3969
4069
4902
2320
6464
4799
6334
6718
4206
4881
4958
5072
5135
2875
2179
6826
6885
4079
6254
5858
4196
6093
3433
6626
4423
5742
4639
4818
3183
6393
6725
2924
3170
6498
4890
6478
6394
6045
6918
2470
4230
4276
6909
2042
6490
6899
5850
4629
1892
3647
4310
4349
4239
4637
3175
3832
6238
2370
4305
4313
6417
6476
3456
5789
6512
2852
5382
6704
3939
5292
6910
3163
4784
6593
3909
6052
4765
2635
4583
4632
6706
5892
4547
5847
6827
5822
5907
6080
5096
5944
6222
5067
6055
6408
4509
5321
6591
6131
6718
5562
3986
6363
3610
6279
3440
2844
3905
6912
5977
4288
6459
3777
4608
6118
6334
6041
4623
5028
5441
4234
5704
6465
5145
5775
2810
2678
6853
6418
6476
5278
6378
3772
6367
6293
3727
