1000 4000
1 2 101
2 3 101
3 4 101
4 5 101
5 6 101
6 7 101
7 8 101
8 9 101
9 10 101
10 11 101
11 12 101
12 13 101
13 14 101
14 15 101
15 16 101
16 17 101
17 18 101
18 19 101
19 20 101
20 21 101
21 22 101
22 23 101
23 24 101
24 25 101
25 26 101
26 27 101
27 28 101
28 29 101
29 30 101
30 31 101
31 32 101
32 33 101
33 34 101
34 35 101
35 36 101
36 37 101
37 38 101
38 39 101
39 40 101
40 41 101
41 42 101
42 43 101
43 44 101
44 45 101
45 46 101
46 47 101
47 48 101
48 49 101
49 50 101
50 51 101
51 52 101
52 53 101
53 54 101
54 55 101
55 56 101
56 57 101
57 58 101
58 59 101
59 60 101
60 61 101
61 62 101
62 63 101
63 64 101
64 65 101
65 66 101
66 67 101
67 68 101
68 69 101
69 70 101
70 71 101
71 72 101
72 73 101
73 74 101
74 75 101
75 76 101
76 77 101
77 78 101
78 79 101
79 80 101
80 81 101
81 82 101
82 83 101
83 84 101
84 85 101
85 86 101
86 87 101
87 88 101
88 89 101
89 90 101
90 91 101
91 92 101
92 93 101
93 94 101
94 95 101
95 96 101
96 97 101
97 98 101
98 99 101
99 100 101
100 101 101
101 102 101
102 103 101
103 104 101
104 105 101
105 106 101
106 107 101
107 108 101
108 109 101
109 110 101
110 111 101
111 112 101
112 113 101
113 114 101
114 115 101
115 116 101
116 117 101
117 118 101
118 119 101
119 120 101
120 121 101
121 122 101
122 123 101
123 124 101
124 125 101
125 126 101
126 127 101
127 128 101
128 129 101
129 130 101
130 131 101
131 132 101
132 133 101
133 134 101
134 135 101
135 136 101
136 137 101
137 138 101
138 139 101
139 140 101
140 141 101
141 142 101
142 143 101
143 144 101
144 145 101
145 146 101
146 147 101
147 148 101
148 149 101
149 150 101
150 151 101
151 152 101
152 153 101
153 154 101
154 155 101
155 156 101
156 157 101
157 158 101
158 159 101
159 160 101
160 161 101
161 162 101
162 163 101
163 164 101
164 165 101
165 166 101
166 167 101
167 168 101
168 169 101
169 170 101
170 171 101
171 172 101
172 173 101
173 174 101
174 175 101
175 176 101
176 177 101
177 178 101
178 179 101
179 180 101
180 181 101
181 182 101
182 183 101
183 184 101
184 185 101
185 186 101
186 187 101
187 188 101
188 189 101
189 190 101
190 191 101
191 192 101
192 193 101
193 194 101
194 195 101
195 196 101
196 197 101
197 198 101
198 199 101
199 200 101
200 201 101
201 202 101
202 203 101
203 204 101
204 205 101
205 206 101
206 207 101
207 208 101
208 209 101
209 210 101
210 211 101
211 212 101
212 213 101
213 214 101
214 215 101
215 216 101
216 217 101
217 218 101
218 219 101
219 220 101
220 221 101
221 222 101
222 223 101
223 224 101
224 225 101
225 226 101
226 227 101
227 228 101
228 229 101
229 230 101
230 231 101
231 232 101
232 233 101
233 234 101
234 235 101
235 236 101
236 237 101
237 238 101
238 239 101
239 240 101
240 241 101
241 242 101
242 243 101
243 244 101
244 245 101
245 246 101
246 247 101
247 248 101
248 249 101
249 250 101
250 251 101
251 252 101
252 253 101
253 254 101
254 255 101
255 256 101
256 257 101
257 258 101
258 259 101
259 260 101
260 261 101
261 262 101
262 263 101
263 264 101
264 265 101
265 266 101
266 267 101
267 268 101
268 269 101
269 270 101
270 271 101
271 272 101
272 273 101
273 274 101
274 275 101
275 276 101
276 277 101
277 278 101
278 279 101
279 280 101
280 281 101
281 282 101
282 283 101
283 284 101
284 285 101
285 286 101
286 287 101
287 288 101
288 289 101
289 290 101
290 291 101
291 292 101
292 293 101
293 294 101
294 295 101
295 296 101
296 297 101
297 298 101
298 299 101
299 300 101
300 301 101
301 302 101
302 303 101
303 304 101
304 305 101
305 306 101
306 307 101
307 308 101
308 309 101
309 310 101
310 311 101
311 312 101
312 313 101
313 314 101
314 315 101
315 316 101
316 317 101
317 318 101
318 319 101
319 320 101
320 321 101
321 322 101
322 323 101
323 324 101
324 325 101
325 326 101
326 327 101
327 328 101
328 329 101
329 330 101
330 331 101
331 332 101
332 333 101
333 334 101
334 335 101
335 336 101
336 337 101
337 338 101
338 339 101
339 340 101
340 341 101
341 342 101
342 343 101
343 344 101
344 345 101
345 346 101
346 347 101
347 348 101
348 349 101
349 350 101
350 351 101
351 352 101
352 353 101
353 354 101
354 355 101
355 356 101
356 357 101
357 358 101
358 359 101
359 360 101
360 361 101
361 362 101
362 363 101
363 364 101
364 365 101
365 366 101
366 367 101
367 368 101
368 369 101
369 370 101
370 371 101
371 372 101
372 373 101
373 374 101
374 375 101
375 376 101
376 377 101
377 378 101
378 379 101
379 380 101
380 381 101
381 382 101
382 383 101
383 384 101
384 385 101
385 386 101
386 387 101
387 388 101
388 389 101
389 390 101
390 391 101
391 392 101
392 393 101
393 394 101
394 395 101
395 396 101
396 397 101
397 398 101
398 399 101
399 400 101
400 401 101
401 402 101
402 403 101
403 404 101
404 405 101
405 406 101
406 407 101
407 408 101
408 409 101
409 410 101
410 411 101
411 412 101
412 413 101
413 414 101
414 415 101
415 416 101
416 417 101
417 418 101
418 419 101
419 420 101
420 421 101
421 422 101
422 423 101
423 424 101
424 425 101
425 426 101
426 427 101
427 428 101
428 429 101
429 430 101
430 431 101
431 432 101
432 433 101
433 434 101
434 435 101
435 436 101
436 437 101
437 438 101
438 439 101
439 440 101
440 441 101
441 442 101
442 443 101
443 444 101
444 445 101
445 446 101
446 447 101
447 448 101
448 449 101
449 450 101
450 451 101
451 452 101
452 453 101
453 454 101
454 455 101
455 456 101
456 457 101
457 458 101
458 459 101
459 460 101
460 461 101
461 462 101
462 463 101
463 464 101
464 465 101
465 466 101
466 467 101
467 468 101
468 469 101
469 470 101
470 471 101
471 472 101
472 473 101
473 474 101
474 475 101
475 476 101
476 477 101
477 478 101
478 479 101
479 480 101
480 481 101
481 482 101
482 483 101
483 484 101
484 485 101
485 486 101
486 487 101
487 488 101
488 489 101
489 490 101
490 491 101
491 492 101
492 493 101
493 494 101
494 495 101
495 496 101
496 497 101
497 498 101
498 499 101
499 500 101
500 501 101
501 502 101
502 503 101
503 504 101
504 505 101
505 506 101
506 507 101
507 508 101
508 509 101
509 510 101
510 511 101
511 512 101
512 513 101
513 514 101
514 515 101
515 516 101
516 517 101
517 518 101
518 519 101
519 520 101
520 521 101
521 522 101
522 523 101
523 524 101
524 525 101
525 526 101
526 527 101
527 528 101
528 529 101
529 530 101
530 531 101
531 532 101
532 533 101
533 534 101
534 535 101
535 536 101
536 537 101
537 538 101
538 539 101
539 540 101
540 541 101
541 542 101
542 543 101
543 544 101
544 545 101
545 546 101
546 547 101
547 548 101
548 549 101
549 550 101
550 551 101
551 552 101
552 553 101
553 554 101
554 555 101
555 556 101
556 557 101
557 558 101
558 559 101
559 560 101
560 561 101
561 562 101
562 563 101
563 564 101
564 565 101
565 566 101
566 567 101
567 568 101
568 569 101
569 570 101
570 571 101
571 572 101
572 573 101
573 574 101
574 575 101
575 576 101
576 577 101
577 578 101
578 579 101
579 580 101
580 581 101
581 582 101
582 583 101
583 584 101
584 585 101
585 586 101
586 587 101
587 588 101
588 589 101
589 590 101
590 591 101
591 592 101
592 593 101
593 594 101
594 595 101
595 596 101
596 597 101
597 598 101
598 599 101
599 600 101
600 601 101
601 602 101
602 603 101
603 604 101
604 605 101
605 606 101
606 607 101
607 608 101
608 609 101
609 610 101
610 611 101
611 612 101
612 613 101
613 614 101
614 615 101
615 616 101
616 617 101
617 618 101
618 619 101
619 620 101
620 621 101
621 622 101
622 623 101
623 624 101
624 625 101
625 626 101
626 627 101
627 628 101
628 629 101
629 630 101
630 631 101
631 632 101
632 633 101
633 634 101
634 635 101
635 636 101
636 637 101
637 638 101
638 639 101
639 640 101
640 641 101
641 642 101
642 643 101
643 644 101
644 645 101
645 646 101
646 647 101
647 648 101
648 649 101
649 650 101
650 651 101
651 652 101
652 653 101
653 654 101
654 655 101
655 656 101
656 657 101
657 658 101
658 659 101
659 660 101
660 661 101
661 662 101
662 663 101
663 664 101
664 665 101
665 666 101
666 667 101
667 668 101
668 669 101
669 670 101
670 671 101
671 672 101
672 673 101
673 674 101
674 675 101
675 676 101
676 677 101
677 678 101
678 679 101
679 680 101
680 681 101
681 682 101
682 683 101
683 684 101
684 685 101
685 686 101
686 687 101
687 688 101
688 689 101
689 690 101
690 691 101
691 692 101
692 693 101
693 694 101
694 695 101
695 696 101
696 697 101
697 698 101
698 699 101
699 700 101
700 701 101
701 702 101
702 703 101
703 704 101
704 705 101
705 706 101
706 707 101
707 708 101
708 709 101
709 710 101
710 711 101
711 712 101
712 713 101
713 714 101
714 715 101
715 716 101
716 717 101
717 718 101
718 719 101
719 720 101
720 721 101
721 722 101
722 723 101
723 724 101
724 725 101
725 726 101
726 727 101
727 728 101
728 729 101
729 730 101
730 731 101
731 732 101
732 733 101
733 734 101
734 735 101
735 736 101
736 737 101
737 738 101
738 739 101
739 740 101
740 741 101
741 742 101
742 743 101
743 744 101
744 745 101
745 746 101
746 747 101
747 748 101
748 749 101
749 750 101
750 751 101
751 752 101
752 753 101
753 754 101
754 755 101
755 756 101
756 757 101
757 758 101
758 759 101
759 760 101
760 761 101
761 762 101
762 763 101
763 764 101
764 765 101
765 766 101
766 767 101
767 768 101
768 769 101
769 770 101
770 771 101
771 772 101
772 773 101
773 774 101
774 775 101
775 776 101
776 777 101
777 778 101
778 779 101
779 780 101
780 781 101
781 782 101
782 783 101
783 784 101
784 785 101
785 786 101
786 787 101
787 788 101
788 789 101
789 790 101
790 791 101
791 792 101
792 793 101
793 794 101
794 795 101
795 796 101
796 797 101
797 798 101
798 799 101
799 800 101
800 801 101
801 802 101
802 803 101
803 804 101
804 805 101
805 806 101
806 807 101
807 808 101
808 809 101
809 810 101
810 811 101
811 812 101
812 813 101
813 814 101
814 815 101
815 816 101
816 817 101
817 818 101
818 819 101
819 820 101
820 821 101
821 822 101
822 823 101
823 824 101
824 825 101
825 826 101
826 827 101
827 828 101
828 829 101
829 830 101
830 831 101
831 832 101
832 833 101
833 834 101
834 835 101
835 836 101
836 837 101
837 838 101
838 839 101
839 840 101
840 841 101
841 842 101
842 843 101
843 844 101
844 845 101
845 846 101
846 847 101
847 848 101
848 849 101
849 850 101
850 851 101
851 852 101
852 853 101
853 854 101
854 855 101
855 856 101
856 857 101
857 858 101
858 859 101
859 860 101
860 861 101
861 862 101
862 863 101
863 864 101
864 865 101
865 866 101
866 867 101
867 868 101
868 869 101
869 870 101
870 871 101
871 872 101
872 873 101
873 874 101
874 875 101
875 876 101
876 877 101
877 878 101
878 879 101
879 880 101
880 881 101
881 882 101
882 883 101
883 884 101
884 885 101
885 886 101
886 887 101
887 888 101
888 889 101
889 890 101
890 891 101
891 892 101
892 893 101
893 894 101
894 895 101
895 896 101
896 897 101
897 898 101
898 899 101
899 900 101
900 901 101
901 902 101
902 903 101
903 904 101
904 905 101
905 906 101
906 907 101
907 908 101
908 909 101
909 910 101
910 911 101
911 912 101
912 913 101
913 914 101
914 915 101
915 916 101
916 917 101
917 918 101
918 919 101
919 920 101
920 921 101
921 922 101
922 923 101
923 924 101
924 925 101
925 926 101
926 927 101
927 928 101
928 929 101
929 930 101
930 931 101
931 932 101
932 933 101
933 934 101
934 935 101
935 936 101
936 937 101
937 938 101
938 939 101
939 940 101
940 941 101
941 942 101
942 943 101
943 944 101
944 945 101
945 946 101
946 947 101
947 948 101
948 949 101
949 950 101
950 951 101
951 952 101
952 953 101
953 954 101
954 955 101
955 956 101
956 957 101
957 958 101
958 959 101
959 960 101
960 961 101
961 962 101
962 963 101
963 964 101
964 965 101
965 966 101
966 967 101
967 968 101
968 969 101
969 970 101
970 971 101
971 972 101
972 973 101
973 974 101
974 975 101
975 976 101
976 977 101
977 978 101
978 979 101
979 980 101
980 981 101
981 982 101
982 983 101
983 984 101
984 985 101
985 986 101
986 987 101
987 988 101
988 989 101
989 990 101
990 991 101
991 992 101
992 993 101
993 994 101
994 995 101
995 996 101
996 997 101
997 998 101
998 999 101
999 1000 101
1 49 79
1 76 44
1 270 49
1 615 46
1 753 57
1 965 76
2 436 66
2 496 89
2 755 71
3 729 49
3 869 98
3 957 68
4 70 53
4 864 79
4 881 91
4 920 89
5 41 70
5 91 40
5 96 38
5 370 37
5 821 20
6 795 46
7 85 33
7 214 78
7 440 52
8 113 73
9 19 47
9 68 69
9 183 84
9 368 51
9 393 83
10 1 75
10 37 98
10 414 20
10 869 78
10 941 85
11 31 94
11 59 64
11 191 78
11 337 29
11 556 32
11 968 56
12 498 91
12 567 63
12 697 23
13 31 34
13 407 72
13 667 25
13 697 30
13 918 33
14 187 57
14 197 54
14 367 97
14 574 29
14 736 93
14 759 45
14 851 72
15 49 23
15 119 49
15 770 64
15 855 51
15 953 69
16 49 76
16 149 28
16 163 80
16 368 87
16 499 98
17 27 76
17 989 35
18 347 33
18 687 98
18 921 30
19 38 92
19 357 27
19 372 97
19 709 32
19 834 72
20 543 57
20 812 49
20 906 74
21 105 87
21 218 67
21 359 49
21 653 60
21 759 66
22 106 63
22 242 56
22 602 34
22 798 78
22 828 71
23 430 72
23 761 21
24 204 44
24 220 50
24 237 91
24 667 38
25 287 27
25 357 51
25 599 90
25 676 34
25 773 79
25 920 43
26 534 78
26 990 39
27 169 41
27 722 38
27 783 74
28 225 92
28 247 86
28 470 50
28 734 52
29 86 72
29 547 93
29 867 47
30 241 44
30 386 95
30 623 61
30 839 30
30 925 85
31 95 93
31 254 52
31 387 64
31 622 54
31 987 98
32 95 35
32 111 80
32 129 94
32 356 35
32 369 40
32 375 96
32 416 28
32 863 39
33 193 23
33 606 34
33 630 55
33 735 70
33 808 21
34 22 88
34 129 50
34 892 86
34 947 43
35 540 97
35 662 75
35 729 87
35 835 31
35 853 96
36 7 39
36 317 85
36 450 99
36 689 66
37 758 94
37 905 59
37 933 78
38 29 38
38 62 52
39 120 53
39 497 34
40 169 49
40 348 46
40 804 99
41 397 71
41 433 81
41 443 89
41 679 84
41 829 30
41 929 79
41 977 33
42 722 36
43 81 73
43 158 34
43 608 95
43 814 73
44 87 80
44 239 51
44 533 34
45 43 88
45 192 73
45 777 57
45 811 72
46 257 100
46 324 96
47 6 59
47 81 33
47 97 48
47 158 32
47 845 45
47 869 42
48 204 37
48 243 49
48 727 32
48 864 90
48 968 97
49 659 74
49 767 35
49 826 71
49 847 37
49 991 49
50 82 29
50 536 63
50 537 66
50 674 79
50 748 98
50 798 25
51 200 33
51 397 49
51 404 43
51 964 71
51 969 32
52 395 70
52 404 79
52 561 52
52 673 42
52 814 26
53 31 87
53 87 29
53 331 54
53 447 21
53 984 94
54 508 25
54 513 93
55 75 72
55 128 98
55 563 58
55 779 61
55 897 42
56 83 62
56 246 28
56 319 23
56 379 78
56 801 47
56 885 73
57 355 56
58 137 90
58 549 39
58 658 89
58 690 65
58 807 34
58 998 28
59 20 44
59 208 50
59 238 58
59 525 20
59 530 20
59 697 54
59 701 99
59 730 20
59 960 44
60 4 32
60 877 96
60 886 30
60 914 63
61 313 76
61 464 89
61 883 60
62 39 91
62 291 97
62 394 36
62 894 42
63 623 79
63 840 53
64 160 47
64 250 49
65 567 79
65 599 29
65 600 96
65 666 38
65 722 25
66 222 99
66 360 50
66 454 49
66 954 70
67 53 95
67 72 41
67 351 82
67 533 94
67 808 22
67 826 26
68 8 95
68 86 51
68 204 86
68 318 81
68 867 29
68 966 23
69 50 74
69 250 31
69 366 74
69 606 37
69 640 26
69 653 20
69 820 24
70 684 75
70 763 74
70 870 92
71 341 54
71 854 48
71 865 29
71 932 42
71 999 90
72 52 25
72 78 65
72 117 44
72 132 88
72 409 24
72 879 68
72 920 44
73 655 95
74 483 69
74 572 92
74 738 76
74 739 26
74 755 60
75 40 84
75 193 72
75 331 29
75 755 51
75 845 25
75 851 74
75 883 52
75 886 29
76 501 27
77 82 47
77 174 70
77 362 60
77 574 29
77 658 24
78 973 45
79 103 79
79 638 41
79 727 57
79 981 80
80 60 23
80 126 52
80 166 46
80 353 44
80 422 51
80 591 36
80 788 22
80 864 82
80 877 74
81 784 63
82 258 56
82 353 90
82 387 99
82 453 100
82 780 93
83 62 35
83 897 72
84 250 84
84 373 59
84 489 61
84 745 52
84 813 48
84 954 83
85 176 51
85 637 67
85 663 61
85 842 28
85 975 23
87 176 21
87 441 72
87 527 58
88 298 43
88 802 96
88 817 41
88 956 91
89 191 86
89 334 87
89 381 48
89 721 69
90 107 95
90 278 56
90 369 56
90 438 82
90 518 44
91 812 52
92 901 78
92 904 31
93 118 74
93 186 32
93 210 27
93 256 48
93 650 31
93 673 52
94 152 61
94 364 100
94 753 30
94 757 91
94 922 42
94 947 33
95 300 26
95 768 93
95 968 43
96 358 50
96 473 27
97 81 60
98 23 58
98 207 88
98 456 71
98 532 89
98 573 53
99 248 26
99 322 92
99 717 71
99 807 27
100 278 97
100 408 90
100 622 40
100 655 28
100 707 95
100 895 44
100 904 70
101 5 29
101 466 35
101 545 95
101 637 45
101 748 46
102 253 35
102 454 97
102 531 93
102 741 45
103 52 25
103 99 61
103 624 90
105 119 33
105 576 35
105 614 50
105 917 47
106 95 54
107 9 76
107 43 65
107 204 91
107 262 57
107 831 76
108 460 58
108 467 79
108 622 80
108 684 53
109 718 38
110 22 62
110 112 54
110 248 23
110 433 33
110 441 87
110 444 56
110 594 40
110 834 22
110 919 44
110 984 22
111 108 62
111 347 67
111 874 22
112 71 99
112 114 59
112 289 88
112 303 94
112 431 59
112 579 21
112 613 71
112 890 44
113 334 51
114 30 35
114 123 49
114 190 60
114 683 88
114 721 64
114 768 80
115 432 84
115 542 89
115 680 70
115 757 50
116 48 38
116 144 44
116 222 47
116 649 62
116 778 25
116 839 23
117 406 95
117 626 90
117 878 36
118 61 33
118 252 39
118 431 92
118 520 53
118 859 58
118 980 63
119 962 71
120 315 55
121 74 74
121 81 41
121 302 50
121 502 64
121 905 100
122 61 72
122 269 55
122 317 46
122 609 34
122 744 37
122 994 59
123 444 90
123 462 74
124 14 22
124 65 41
124 238 89
124 524 58
124 730 23
125 128 46
125 192 41
125 440 82
125 575 94
125 610 55
125 644 70
126 87 72
126 241 35
126 546 90
126 552 33
126 889 26
126 924 32
127 278 54
127 589 73
127 763 41
127 958 21
128 188 61
128 220 20
128 221 25
128 248 78
128 642 74
128 711 96
129 101 52
129 113 93
129 258 94
129 367 33
129 824 90
129 837 24
130 12 68
130 88 21
130 932 78
131 421 28
131 879 69
131 915 30
132 144 25
132 326 67
132 338 30
132 501 52
132 888 92
133 365 22
133 972 40
134 360 23
134 419 81
134 580 85
134 625 49
134 825 100
135 832 75
135 962 71
136 203 47
136 273 56
136 619 68
136 631 61
136 716 42
136 729 90
136 978 56
137 107 38
137 245 95
137 284 50
137 295 65
137 338 36
137 663 61
138 198 55
138 498 89
138 620 25
138 893 39
139 20 20
139 131 24
139 210 48
139 316 22
139 364 58
139 417 92
139 813 77
139 848 91
139 891 34
140 210 53
143 31 61
143 165 68
143 506 42
143 619 91
143 908 21
144 90 62
144 933 61
144 998 86
145 61 90
146 498 71
146 943 40
147 140 30
147 411 43
148 1 61
148 192 39
148 989 27
149 68 47
149 120 64
149 594 39
150 169 66
150 391 50
150 769 40
150 987 43
151 579 84
152 29 20
152 969 83
153 17 64
153 42 42
153 70 26
153 210 33
153 481 49
153 843 71
153 885 83
153 957 94
154 103 23
154 179 85
154 428 79
154 454 28
154 947 63
155 602 45
155 785 67
155 916 38
156 97 64
157 21 83
157 446 87
158 113 82
158 190 76
158 197 38
158 290 54
158 431 35
158 554 25
158 596 28
158 980 41
159 58 39
159 234 100
159 402 22
159 632 66
159 799 79
159 965 77
159 972 38
160 116 31
160 118 95
160 475 65
160 817 69
161 298 75
161 837 84
161 891 94
161 963 64
162 254 87
162 952 65
163 154 77
163 326 28
163 598 45
163 640 71
163 908 40
163 930 68
164 173 27
164 252 50
164 512 52
164 758 90
165 268 94
166 41 44
166 98 99
166 260 92
166 496 71
166 908 81
166 937 66
167 124 63
167 832 64
168 145 29
169 493 68
169 590 84
169 727 77
170 235 84
170 486 74
170 557 99
171 11 85
171 336 57
171 372 47
171 450 68
171 521 95
171 573 92
172 275 92
172 352 80
172 395 34
172 675 81
173 33 22
173 134 91
173 179 57
173 348 93
173 601 29
173 672 68
173 1000 84
174 446 41
174 533 40
174 562 84
175 142 55
175 212 41
175 220 80
175 268 62
175 598 47
175 960 60
176 106 48
176 233 20
176 346 49
176 445 28
176 821 93
176 831 97
177 184 86
177 481 89
178 107 42
178 323 77
178 389 20
178 437 28
178 581 63
178 803 49
179 10 35
180 419 24
180 752 51
180 753 71
180 771 49
180 776 87
181 43 67
181 75 98
181 945 94
182 138 90
182 285 36
182 364 82
182 557 29
183 3 64
183 32 68
183 168 34
183 705 80
183 871 80
183 879 54
184 233 40
184 532 69
184 942 94
185 585 26
185 658 67
186 468 52
186 477 63
186 581 52
186 664 77
186 882 41
187 84 45
187 461 85
187 664 25
188 990 52
189 4 49
189 428 69
189 600 77
189 827 31
190 101 57
190 633 36
190 716 90
191 43 56
191 754 68
191 760 75
191 902 33
191 904 47
192 209 79
192 402 58
193 587 79
194 233 85
194 280 100
194 386 24
194 576 64
194 704 62
195 9 31
195 154 45
195 192 81
195 330 53
195 402 96
195 538 23
196 507 62
197 486 26
197 519 38
197 580 59
197 691 83
198 205 49
198 396 84
198 490 91
198 516 66
199 758 58
199 984 24
200 307 75
200 430 88
200 902 41
201 366 81
201 411 50
201 586 59
202 409 31
203 100 23
203 331 27
203 418 89
204 259 55
204 315 38
204 545 48
205 49 98
205 177 65
205 392 95
205 450 53
205 623 99
205 755 62
206 219 51
206 226 67
206 503 85
206 979 67
207 24 67
207 93 84
207 805 26
207 996 74
208 105 25
208 137 65
208 763 44
208 785 53
209 402 30
210 108 31
210 193 85
210 688 96
211 70 64
211 367 88
211 831 98
211 883 89
211 918 43
211 980 32
212 388 78
212 647 66
213 574 66
214 332 78
214 436 54
214 548 96
214 709 62
214 732 72
214 733 90
214 839 37
215 356 51
215 554 84
215 666 77
215 743 34
215 754 64
215 762 99
215 889 75
216 11 95
216 326 22
216 524 86
216 556 52
217 197 84
217 444 37
217 472 33
218 76 36
218 782 85
218 853 57
218 923 51
218 970 92
219 50 30
219 180 77
219 229 69
219 240 36
219 632 91
219 877 79
219 889 23
220 303 47
220 431 78
220 440 20
220 472 47
221 14 88
221 543 55
221 602 28
221 674 39
221 808 90
222 51 25
222 526 54
222 679 89
223 733 87
224 82 69
224 114 82
224 510 97
224 602 22
224 680 67
224 902 67
225 101 100
225 738 39
226 173 52
226 459 21
226 516 41
226 730 29
227 614 38
227 764 90
227 842 84
227 961 31
228 4 78
228 247 80
228 627 92
228 900 97
229 94 20
229 225 56
229 271 98
229 496 54
229 566 76
229 679 24
230 20 65
230 24 88
230 35 78
230 165 52
230 403 54
230 524 72
230 851 46
231 622 77
231 651 50
232 278 72
232 483 32
233 76 73
233 170 66
234 226 91
234 293 64
234 329 25
234 505 32
234 596 24
234 715 48
234 819 44
234 983 48
235 460 64
235 497 49
235 674 25
235 731 33
236 165 52
236 378 24
236 400 96
236 436 35
237 485 78
237 612 42
237 619 25
237 639 29
237 764 24
237 819 56
238 20 36
238 146 44
238 445 70
238 530 83
239 282 36
239 410 82
239 428 77
239 481 95
239 490 60
240 22 70
240 87 93
240 188 58
240 723 44
240 740 59
240 820 38
240 901 92
241 528 48
241 618 63
241 797 73
241 838 53
242 812 54
242 829 54
243 45 64
243 92 73
243 131 91
243 322 75
243 331 74
243 352 83
244 7 27
244 363 60
244 547 95
244 551 47
244 614 59
244 876 52
245 125 44
245 738 71
245 903 39
246 384 89
246 399 82
246 566 50
246 650 22
246 762 46
246 961 97
247 408 32
247 581 29
248 416 27
249 161 41
249 273 97
249 606 93
249 691 33
250 66 36
250 352 91
250 435 44
250 571 20
250 876 95
250 943 45
251 55 20
251 63 52
251 85 53
251 199 39
251 302 84
251 403 57
251 432 79
251 467 50
251 582 97
252 842 51
253 148 78
253 319 84
253 728 70
253 760 77
254 373 20
254 706 58
254 843 83
255 604 29
255 829 61
255 994 31
256 794 76
257 446 25
257 723 63
258 206 35
258 386 60
258 433 60
258 512 98
258 683 29
258 694 69
259 26 70
259 86 54
260 15 51
260 106 49
260 607 30
260 886 91
261 787 22
261 977 24
262 23 30
262 40 81
262 52 68
262 185 54
262 353 30
262 436 96
263 108 30
263 345 98
263 954 92
264 54 70
264 156 60
264 332 22
264 417 86
264 426 52
264 610 34
264 861 82
265 67 34
265 412 98
266 80 91
266 395 29
266 408 29
266 441 66
266 449 78
266 548 28
266 638 28
266 678 36
266 730 53
266 748 38
267 167 36
267 349 40
267 397 38
267 481 28
267 832 76
268 224 80
268 421 23
268 497 68
268 743 90
268 800 99
269 243 72
269 382 91
269 480 38
269 501 73
269 572 66
270 130 87
270 532 36
270 901 58
271 661 79
271 699 62
272 103 80
272 320 78
273 442 55
273 469 25
274 519 50
274 559 22
274 620 54
274 855 49
275 830 46
275 987 70
276 63 85
276 91 95
276 254 69
276 261 85
276 564 43
276 675 23
277 8 80
277 410 58
277 526 44
277 843 67
278 198 40
278 761 38
278 781 62
279 30 29
279 134 99
280 1 62
280 190 70
280 344 46
280 424 21
280 528 94
280 614 53
280 718 92
280 953 70
281 54 97
281 91 44
281 235 57
281 662 28
281 690 47
281 703 61
281 994 85
282 15 34
282 717 91
283 526 26
283 708 72
283 858 92
283 972 44
284 54 88
284 194 33
284 212 30
284 501 88
285 42 38
286 63 81
286 144 97
286 383 96
286 901 97
287 117 68
287 285 24
288 677 29
288 846 99
288 895 33
288 918 77
289 673 87
289 773 44
289 799 94
290 33 71
290 125 63
290 177 21
290 750 86
291 538 90
291 833 38
292 488 61
292 520 71
292 665 99
293 715 39
293 721 36
294 244 27
294 402 90
294 782 61
295 354 46
295 412 83
295 530 85
296 349 24
296 442 95
296 528 41
296 704 76
296 842 31
297 53 39
297 879 98
297 927 25
298 178 63
298 222 48
298 524 67
299 642 39
299 643 81
299 864 69
299 998 96
300 278 24
300 385 95
300 401 44
300 404 76
301 341 52
301 363 69
301 370 34
301 509 48
301 642 60
301 656 52
301 696 66
302 42 51
302 63 43
302 247 83
302 284 51
302 415 86
302 500 42
302 598 85
302 756 33
302 916 73
303 561 34
303 565 54
304 239 23
304 459 20
304 646 44
305 34 47
305 47 53
305 167 94
305 196 20
305 732 64
306 83 90
306 208 93
306 435 65
306 477 27
306 639 30
306 729 54
306 814 30
306 911 53
307 75 33
307 652 87
307 669 23
308 38 79
308 165 22
308 862 100
309 49 74
309 622 94
310 52 62
310 367 58
310 756 84
310 837 71
310 974 78
311 402 21
311 814 89
311 992 40
312 74 29
312 671 50
313 232 29
313 266 74
313 516 93
314 216 47
314 232 75
314 334 79
314 530 59
314 967 32
314 986 26
315 377 21
316 62 77
316 294 33
316 362 37
316 375 85
316 444 25
316 871 45
317 351 100
317 435 28
317 701 86
317 802 70
317 963 49
318 234 56
318 734 51
318 802 30
318 813 72
319 21 79
319 106 55
319 108 54
319 530 86
320 184 43
320 756 83
320 922 84
322 571 34
322 653 42
322 846 39
323 22 81
323 246 29
323 409 48
323 680 95
324 704 58
324 932 48
325 382 84
325 654 29
326 50 31
326 213 71
326 466 24
326 488 47
326 591 72
327 492 53
327 497 24
327 907 28
328 354 25
328 963 80
329 41 43
329 254 50
329 360 100
329 396 49
329 557 87
329 730 41
329 839 74
329 938 96
330 124 85
330 157 27
330 330 69
330 354 61
331 64 68
331 245 23
332 12 29
332 43 58
332 122 79
332 318 99
332 321 92
332 720 85
332 836 76
333 111 90
333 624 93
333 693 34
333 806 86
334 369 100
334 401 40
334 406 90
334 601 80
335 91 67
335 155 60
335 682 69
336 89 75
336 199 26
336 201 72
336 437 46
336 448 43
336 665 96
336 825 77
336 987 27
337 44 63
337 173 58
337 228 47
337 415 24
337 748 43
337 803 83
338 89 92
338 111 75
338 127 37
338 350 38
339 172 74
339 217 56
339 573 36
339 749 82
340 380 39
341 906 52
341 918 98
341 925 36
342 134 27
342 234 92
342 452 52
342 960 48
343 447 58
343 523 45
343 702 67
343 993 24
344 174 60
344 487 62
344 498 87
344 582 48
344 655 22
344 800 39
345 139 76
345 184 99
345 217 44
345 245 75
345 305 86
345 647 99
346 112 60
346 214 26
346 283 55
346 569 82
346 574 63
347 276 44
347 458 99
348 671 46
348 805 27
349 17 29
349 107 56
349 726 23
349 731 85
349 765 57
349 820 96
349 956 93
350 43 100
350 61 44
350 501 70
351 62 42
351 107 26
351 229 65
351 372 30
351 648 37
351 711 36
352 300 95
352 301 94
352 528 33
352 897 43
352 907 21
352 941 40
352 980 34
353 251 31
353 531 100
353 900 72
354 165 63
354 307 25
354 309 80
354 429 69
354 496 84
354 781 49
355 306 44
355 557 31
355 959 34
356 4 41
356 48 78
356 557 36
357 167 88
357 466 85
358 66 89
358 94 73
358 136 36
358 506 48
359 402 89
360 719 71
361 20 54
361 85 88
361 861 45
362 504 40
362 779 77
363 537 53
363 552 20
363 726 89
363 890 26
364 334 32
365 28 29
365 61 32
365 275 56
366 675 36
367 252 86
367 304 54
367 399 31
367 782 97
368 26 43
368 342 31
368 641 64
369 521 47
369 636 73
369 717 77
369 835 57
370 273 96
370 283 43
370 551 94
371 105 86
371 489 20
371 545 60
371 824 49
372 609 97
372 855 50
372 881 77
373 346 85
373 516 32
373 519 47
374 705 81
374 868 94
374 951 64
375 57 43
375 557 49
375 612 26
376 133 22
376 168 95
376 354 65
376 451 78
376 805 78
376 851 92
377 150 31
377 617 68
377 941 92
378 909 63
379 114 51
379 142 88
379 196 29
379 634 84
379 969 20
380 1 20
380 264 22
380 405 99
380 635 48
380 987 69
381 244 68
381 333 51
381 384 31
381 445 81
382 334 72
382 523 33
382 624 81
382 767 77
382 989 37
383 136 88
383 297 56
383 396 79
383 672 62
383 730 95
384 325 32
384 490 46
384 749 96
384 910 80
384 968 55
385 178 66
385 599 54
385 917 31
385 922 100
386 221 89
386 302 91
386 462 82
386 507 93
387 428 24
387 659 44
388 63 88
389 59 92
389 940 25
390 164 56
390 765 28
390 810 81
391 551 95
391 809 24
391 823 62
392 599 67
392 732 93
392 864 48
393 206 75
393 670 47
394 45 88
394 172 100
394 362 70
394 525 89
394 555 96
394 753 27
395 63 63
395 92 50
395 608 43
395 811 89
395 863 25
396 5 31
396 74 64
396 533 77
396 620 24
396 843 99
397 12 26
397 376 94
397 849 41
397 899 86
398 105 61
399 12 36
399 85 32
399 410 43
399 627 23
399 982 60
400 323 97
400 509 47
400 696 54
401 362 65
401 828 76
402 100 74
402 814 62
402 830 57
402 946 71
403 824 26
403 913 62
404 26 24
404 63 42
404 670 51
404 789 65
405 327 44
405 440 98
405 873 42
406 102 100
406 202 41
406 474 83
406 492 30
407 436 42
407 530 63
407 607 96
408 161 72
408 240 38
408 280 72
408 343 41
408 367 94
409 29 37
409 623 21
409 856 46
409 892 89
410 695 26
410 967 54
410 976 99
411 247 54
412 195 62
412 256 97
412 287 25
412 650 83
412 899 65
413 950 99
414 41 55
414 214 25
414 409 80
414 715 48
414 994 44
415 212 78
416 331 65
416 653 74
416 773 26
416 970 29
417 129 79
417 263 68
417 401 59
417 497 41
417 587 46
417 657 63
417 720 77
418 259 47
419 46 73
419 121 97
419 158 98
419 218 75
419 521 74
419 859 75
419 870 84
420 6 87
420 134 47
420 222 39
420 565 54
420 718 37
420 927 81
420 987 68
421 106 99
421 614 79
421 677 36
421 961 51
422 76 42
422 113 50
422 189 84
422 384 92
423 497 71
423 631 99
423 692 84
423 695 25
423 708 73
423 944 86
424 379 64
424 613 29
424 811 48
424 899 67
425 191 51
425 783 31
426 229 65
426 257 30
426 423 72
426 554 55
426 614 53
426 793 83
426 933 67
427 255 22
427 266 89
427 302 87
428 418 46
428 715 65
428 735 40
428 751 22
428 904 80
428 954 62
429 90 52
429 196 85
429 818 24
430 478 29
430 592 76
430 982 28
431 205 29
431 669 88
431 680 98
432 187 95
432 569 84
432 669 30
432 817 67
433 331 61
433 395 100
433 741 67
433 755 44
434 194 99
434 367 45
434 690 43
434 945 22
435 289 98
435 457 76
435 919 59
436 388 53
436 621 40
436 799 88
437 117 27
437 720 100
438 258 31
438 443 49
438 696 74
438 767 33
438 879 77
439 87 59
439 137 71
439 273 59
439 940 86
439 953 24
439 978 43
440 43 70
440 354 28
440 404 86
443 226 49
443 291 84
443 803 99
443 822 94
444 178 66
444 337 72
444 413 75
444 945 52
445 15 90
445 212 43
445 813 30
446 332 60
446 370 33
446 543 35
446 571 37
446 593 66
446 681 93
446 852 88
447 31 52
447 61 61
447 369 80
447 384 35
447 413 92
447 782 28
447 817 72
448 69 56
448 71 40
448 123 47
448 553 53
448 729 36
448 801 37
448 996 89
449 107 25
449 118 84
449 288 87
449 332 50
449 395 74
449 518 73
449 656 50
450 276 67
450 300 52
450 516 40
450 791 50
451 43 90
451 521 67
452 146 94
452 272 85
452 349 63
452 412 69
452 812 70
453 255 70
453 541 51
453 959 75
456 499 82
456 637 97
456 679 49
456 855 79
457 818 22
457 937 35
457 958 78
458 155 87
458 159 47
458 531 39
458 999 91
459 153 91
459 156 25
459 223 81
459 361 84
459 471 98
460 551 91
460 645 94
460 814 87
461 390 73
461 398 39
461 616 88
461 635 20
462 129 77
462 175 25
462 414 62
462 680 79
462 990 23
463 181 54
463 357 41
464 51 40
464 351 21
464 951 26
465 202 53
465 974 20
466 89 25
466 167 36
466 648 96
467 296 66
467 317 88
467 397 74
467 519 51
467 696 34
467 896 38
467 924 39
468 7 70
468 153 48
468 581 38
468 865 98
469 25 40
469 785 86
469 852 41
469 992 97
470 446 85
470 786 78
470 866 97
470 913 96
471 396 40
471 590 83
471 600 56
471 618 91
471 635 30
471 712 75
471 724 24
471 791 63
472 96 29
472 255 23
472 262 90
472 634 31
472 721 96
473 225 70
473 445 86
473 491 59
473 566 54
474 263 91
474 399 77
474 409 36
474 478 40
474 580 59
474 774 66
475 115 41
475 220 59
475 620 78
475 819 33
475 959 37
476 210 55
476 462 91
476 951 65
477 8 38
477 119 52
477 182 46
477 207 28
477 600 68
477 977 47
478 106 23
478 553 42
479 34 69
479 194 73
479 424 75
479 949 35
480 212 93
480 229 61
480 679 78
480 904 52
481 831 74
482 615 79
482 699 52
482 763 61
482 921 50
483 596 45
483 961 85
485 159 52
485 330 22
485 382 43
485 772 26
485 844 89
486 94 57
486 119 59
486 438 78
486 667 63
486 880 33
486 882 32
486 924 27
487 325 62
487 628 91
487 786 89
487 818 33
487 842 84
488 20 95
488 137 63
488 372 72
488 407 84
488 827 62
488 877 36
488 966 93
489 195 76
489 653 69
489 780 86
490 140 55
490 240 28
490 297 31
490 313 94
490 369 85
490 450 93
490 514 44
490 756 23
491 40 94
491 162 36
491 183 60
491 199 70
491 987 46
492 1 80
492 49 52
492 74 76
492 346 24
492 379 63
492 646 91
492 714 94
493 121 53
493 354 51
494 377 68
494 424 29
494 568 82
494 796 85
494 892 84
495 580 33
495 787 95
495 945 50
495 983 64
496 468 53
496 583 79
496 618 47
496 644 64
496 749 23
496 762 29
496 937 85
497 129 68
497 224 81
497 515 80
498 17 96
498 58 56
498 627 83
499 295 54
500 417 96
500 644 52
500 655 53
500 670 52
500 851 43
501 39 99
501 201 27
501 976 98
502 659 46
502 662 22
502 719 59
502 738 53
503 765 45
504 494 78
504 642 94
504 865 76
504 878 73
505 78 51
505 260 69
506 37 27
506 962 31
507 195 30
507 445 33
507 578 86
507 783 48
508 156 84
508 198 20
508 400 79
508 558 57
508 849 70
508 893 78
509 158 45
510 206 69
510 301 84
510 476 44
510 551 67
510 904 88
511 144 100
511 155 63
511 231 66
511 278 55
511 308 61
511 358 49
511 649 89
512 165 69
512 259 55
512 963 63
513 389 88
513 710 75
513 818 59
513 909 64
514 206 31
514 324 92
514 417 74
514 512 61
514 583 73
514 918 78
515 10 87
515 380 49
515 564 86
516 40 93
516 219 87
516 531 63
516 610 24
516 637 30
517 337 70
517 479 72
517 587 36
517 900 37
518 454 49
518 470 30
519 8 27
519 35 53
519 38 22
519 613 90
519 690 98
519 706 47
519 931 61
520 275 70
520 776 83
520 891 86
520 983 71
521 29 73
521 60 98
521 472 81
521 481 47
521 749 29
522 482 39
522 637 60
522 650 28
522 875 36
522 940 65
523 300 78
524 176 22
524 834 26
524 847 41
525 157 39
525 195 93
525 550 32
525 610 35
525 998 65
526 280 93
526 522 78
526 532 59
526 659 91
526 976 68
527 249 61
527 298 90
527 523 50
527 818 29
528 259 20
528 396 51
529 122 64
529 151 66
529 308 71
529 324 84
529 882 91
529 988 89
530 348 42
530 350 60
530 436 20
530 872 90
530 966 51
531 90 74
531 931 63
532 67 77
532 93 41
532 590 29
532 591 93
532 913 71
533 192 26
533 224 93
533 647 81
533 711 39
533 741 78
533 831 50
533 922 49
534 352 57
534 419 71
534 435 64
534 586 28
534 939 95
534 951 76
535 208 90
535 360 59
535 449 56
535 492 65
535 660 97
535 980 74
536 106 34
536 180 27
536 667 20
537 3 53
537 13 41
537 113 98
537 640 77
537 804 35
538 53 69
538 365 68
538 810 47
538 976 67
539 26 52
539 96 81
539 615 62
540 470 90
541 14 29
541 23 40
541 65 94
541 186 53
541 686 90
541 744 87
541 835 42
541 961 87
542 152 20
542 576 69
542 983 68
543 266 67
543 428 32
543 820 76
544 163 100
544 385 48
544 571 63
544 575 94
545 21 79
545 52 33
545 119 33
545 623 86
545 979 27
546 237 30
546 331 96
546 581 32
546 833 92
547 179 98
547 381 27
547 476 20
547 517 75
548 41 58
548 64 84
548 138 48
548 251 25
548 371 31
548 959 71
549 469 83
549 495 51
549 567 98
550 47 98
550 698 29
551 423 25
551 818 27
551 981 93
552 44 23
552 380 72
552 980 88
553 36 72
553 38 65
553 589 31
553 841 45
553 905 94
554 11 88
554 895 66
554 949 20
556 483 57
556 668 73
556 910 61
557 363 97
557 590 36
557 695 49
558 158 39
558 483 86
558 523 47
558 541 68
558 656 43
558 886 98
558 887 100
559 250 74
559 583 93
559 611 46
559 724 95
559 734 58
559 813 21
559 929 90
560 89 56
560 338 99
560 424 25
560 529 96
561 528 61
561 538 26
562 414 63
562 743 69
563 226 81
563 319 48
563 500 20
563 876 56
564 113 59
564 744 74
564 787 84
564 994 72
565 300 77
565 374 66
566 139 31
566 368 75
567 32 27
567 144 66
567 179 59
567 228 88
567 459 30
567 577 75
567 853 43
568 41 48
568 44 32
568 935 42
569 65 43
569 168 71
570 138 100
570 443 90
570 547 54
570 892 46
571 12 67
571 68 61
572 192 100
572 859 95
573 1 78
573 4 56
573 378 92
573 535 98
573 763 50
574 581 42
575 879 98
576 841 80
577 313 43
577 454 23
577 950 47
578 678 64
578 771 94
578 778 25
578 855 71
579 325 90
579 577 81
580 128 33
580 174 36
580 279 100
580 354 86
580 704 78
580 806 89
581 209 69
581 405 50
581 904 82
582 41 80
582 103 30
582 686 43
583 111 84
583 672 44
584 264 76
584 487 48
584 675 34
585 122 42
586 89 61
586 259 98
586 503 55
586 605 61
586 780 34
586 893 56
587 459 82
587 548 75
587 693 27
587 757 61
587 965 94
588 947 54
589 32 40
589 528 76
589 618 56
589 664 33
590 171 79
590 851 79
590 966 60
590 973 72
591 807 28
591 960 52
592 22 69
592 144 73
592 656 58
593 120 70
593 320 56
593 561 28
593 651 44
593 679 56
593 784 78
594 853 49
594 917 48
595 5 74
595 376 22
595 505 25
595 607 62
595 692 80
596 161 42
596 547 78
596 600 56
596 645 82
596 781 38
596 939 99
597 188 37
597 209 51
597 623 38
597 674 57
597 982 60
598 55 53
598 77 49
598 563 99
599 337 60
599 417 82
599 443 25
599 669 66
599 729 70
599 827 23
599 872 68
600 307 40
600 403 77
600 577 68
600 772 41
601 849 77
602 90 22
602 228 29
602 400 23
602 485 26
602 709 82
602 865 58
603 46 36
603 282 72
604 10 93
604 45 95
604 77 99
604 647 75
604 726 41
605 261 76
605 712 96
605 752 86
605 913 32
605 927 54
606 1 97
606 93 58
606 272 58
606 378 47
607 180 21
607 847 77
607 916 52
608 262 68
608 473 59
608 481 39
608 811 63
609 209 53
609 224 62
609 352 71
609 392 74
609 525 97
609 724 31
609 744 79
610 55 82
610 491 35
610 972 41
611 722 75
612 582 96
612 682 100
612 786 23
613 257 76
613 521 37
613 598 37
613 638 29
613 877 39
614 84 44
614 338 49
614 732 89
614 896 85
614 917 96
615 33 73
615 62 95
615 277 43
615 422 61
615 436 72
616 586 42
616 818 35
617 49 60
617 68 71
617 713 36
618 61 65
618 277 90
619 205 32
619 207 34
619 449 57
619 701 75
619 796 87
620 242 92
620 982 83
620 1000 34
621 670 87
621 712 36
621 829 72
622 60 58
622 267 88
622 462 94
622 579 99
622 595 70
622 845 55
623 348 30
623 466 41
623 975 69
624 555 99
625 150 48
625 178 54
625 267 54
625 697 23
626 122 22
626 613 95
626 812 21
627 109 81
627 274 75
627 289 85
627 354 95
627 508 100
627 515 48
627 531 54
628 5 51
628 203 20
628 397 21
628 890 87
628 955 44
629 127 83
629 171 34
629 237 78
629 749 64
629 916 96
630 855 41
631 105 66
631 405 44
631 565 41
631 649 23
631 651 21
631 662 70
632 23 86
632 325 31
632 560 48
632 687 36
632 774 29
632 854 89
633 250 83
633 790 86
633 872 72
633 920 21
634 160 78
634 295 88
634 821 49
635 238 93
635 479 60
635 928 61
636 185 94
636 197 67
636 416 34
636 428 92
636 448 72
636 453 57
636 773 40
636 806 50
636 940 70
637 51 97
637 132 69
637 415 64
637 429 46
637 684 71
637 699 22
637 860 41
638 86 66
638 734 27
638 804 59
639 137 25
639 446 47
639 688 34
639 895 63
639 924 79
640 172 77
640 507 21
640 800 80
640 858 26
640 900 36
641 85 98
641 465 91
641 609 72
641 896 98
641 943 47
642 94 80
642 354 24
642 556 21
642 574 29
642 849 43
643 525 31
644 423 70
644 786 59
644 798 56
644 849 33
645 243 32
645 617 55
645 973 28
646 131 82
646 822 67
646 828 59
646 937 56
647 18 97
647 350 28
647 629 98
647 785 73
648 91 57
648 646 53
648 780 81
649 162 56
649 191 76
650 194 66
650 211 43
650 427 49
650 437 95
650 823 34
651 133 88
651 839 69
652 139 99
652 189 71
652 248 51
652 315 93
652 560 85
652 585 30
652 691 20
652 820 47
653 184 31
653 399 82
653 486 85
653 997 77
654 363 41
654 364 62
655 425 60
656 604 21
656 789 79
657 105 55
657 106 47
657 400 41
657 588 97
658 40 96
658 419 98
658 530 61
659 279 38
659 313 25
659 537 62
659 562 79
660 397 97
661 199 55
661 327 77
661 427 40
661 486 39
661 755 74
661 810 60
662 255 74
662 466 28
662 853 44
662 916 39
663 105 100
663 275 41
663 334 88
663 874 41
663 902 49
663 927 54
664 906 91
665 18 54
665 490 70
665 507 43
665 628 63
666 59 20
666 281 66
666 365 83
666 841 41
666 935 36
667 472 91
667 840 54
667 958 96
668 8 57
668 551 85
668 826 53
669 357 69
669 619 98
669 971 81
670 124 75
670 213 94
670 348 50
670 365 24
670 424 66
670 707 70
671 189 81
671 675 34
671 689 45
672 287 34
672 879 22
673 63 86
673 82 99
673 708 57
673 892 50
673 898 36
674 433 23
674 569 25
674 682 100
675 722 42
676 58 29
676 370 97
676 481 56
676 724 40
676 897 35
677 119 89
677 693 23
677 792 90
677 911 41
677 948 72
678 189 34
678 370 80
678 561 92
678 814 63
679 113 33
679 405 84
679 663 41
679 723 54
680 740 78
680 872 85
681 594 54
682 34 38
682 162 35
682 451 86
682 614 49
682 618 39
682 637 55
682 822 42
683 28 23
683 301 43
683 865 76
684 317 32
684 540 81
685 6 38
685 234 68
686 136 30
686 148 74
686 234 34
686 498 75
686 756 97
686 846 82
686 989 47
687 66 84
687 143 26
687 220 24
687 317 96
687 440 71
687 989 59
688 482 88
688 692 75
688 903 80
689 461 24
689 599 60
689 941 53
690 101 37
690 204 42
690 389 69
690 623 100
691 68 93
691 608 71
692 285 44
692 294 37
692 939 60
693 147 72
693 204 77
693 358 75
693 367 30
693 561 46
693 806 30
693 918 27
693 964 95
694 56 32
694 287 29
694 565 40
694 577 59
694 743 52
694 796 26
695 284 66
695 415 78
695 440 25
695 625 64
695 697 79
696 50 73
696 152 43
696 171 94
696 375 77
696 395 88
696 750 72
696 837 98
698 456 67
698 536 45
698 590 41
699 293 38
699 424 70
699 871 92
699 910 72
699 955 35
700 163 75
700 219 72
701 269 69
701 657 44
701 767 58
701 781 41
702 189 41
702 286 83
702 374 24
703 549 30
703 926 40
704 171 84
704 857 69
704 924 34
704 939 89
705 109 40
705 269 63
705 286 77
705 612 60
706 268 99
706 380 37
706 831 80
707 63 28
707 250 91
707 365 79
707 889 20
708 2 80
708 362 86
708 398 93
708 935 21
709 127 96
709 346 24
709 753 99
709 945 28
710 339 32
710 948 58
711 231 24
711 336 62
711 464 63
712 106 22
712 676 59
712 726 56
712 832 41
713 205 34
713 261 45
713 580 96
714 152 39
714 202 26
714 226 99
714 471 53
714 517 60
714 721 46
714 724 75
714 835 64
714 994 41
715 318 22
715 873 78
716 102 44
716 283 20
717 41 59
717 100 76
717 652 88
718 434 76
718 700 64
718 826 29
719 72 54
719 171 78
719 582 54
720 192 63
720 558 86
721 13 90
721 39 22
721 507 25
722 273 82
722 422 55
722 855 24
722 938 66
723 44 40
723 276 35
723 968 54
723 977 24
724 92 76
724 346 41
724 878 47
725 268 98
725 384 88
725 515 43
725 679 41
726 336 46
726 550 91
726 834 71
727 24 81
727 243 27
728 197 35
728 328 50
728 546 53
728 641 21
728 965 69
729 560 94
729 566 53
729 661 99
729 923 51
730 648 63
731 418 70
731 638 81
731 642 45
731 914 68
731 984 37
732 448 96
733 153 97
733 194 48
733 384 60
733 512 21
733 849 21
733 990 72
734 251 50
734 695 65
734 773 43
734 793 38
734 826 30
734 866 47
735 160 37
735 443 30
735 718 70
736 279 52
736 989 39
737 146 66
737 581 98
737 639 84
737 834 96
737 838 85
737 950 62
738 46 96
738 576 34
738 753 55
739 206 69
740 274 38
740 344 45
740 778 31
741 49 80
741 473 87
741 625 62
741 669 66
742 560 88
742 648 93
743 286 41
743 432 76
743 465 57
743 671 20
743 675 75
744 70 66
744 230 98
744 421 54
744 695 29
744 732 80
744 806 78
745 332 24
745 525 55
745 918 28
746 173 95
746 290 55
746 321 73
746 507 88
746 615 58
746 625 82
746 986 39
747 110 58
747 372 24
747 375 82
747 521 28
747 541 47
748 16 88
748 859 72
749 74 46
749 169 75
749 277 92
749 800 32
749 961 20
750 196 24
750 370 51
750 809 48
750 833 34
751 513 71
751 555 69
751 602 35
751 729 95
752 294 21
752 346 21
752 414 97
752 728 65
753 194 66
753 265 21
753 294 49
753 341 91
753 385 74
753 959 79
754 120 45
754 174 24
754 742 86
754 820 89
755 441 42
755 586 27
755 654 20
755 674 97
756 260 72
756 440 44
756 499 46
756 970 100
757 725 33
757 816 58
757 840 69
758 751 94
759 17 74
759 737 60
760 146 52
760 162 80
760 357 34
760 809 49
760 958 37
760 996 25
761 213 43
761 345 40
761 685 55
761 839 84
762 227 47
762 282 38
762 310 93
762 385 98
762 669 22
762 747 37
763 454 83
764 13 23
764 109 42
764 376 57
764 509 94
764 786 99
764 846 35
764 867 65
764 931 44
765 294 76
765 316 84
765 575 73
765 686 45
765 703 45
766 86 99
766 229 53
766 356 89
766 359 94
766 461 31
766 905 58
767 332 93
767 366 95
767 422 71
767 425 48
767 516 68
767 530 69
767 911 84
768 161 74
768 614 93
768 990 35
769 108 25
769 356 88
769 862 50
769 895 82
769 922 97
770 58 41
770 315 35
770 341 21
770 686 62
770 773 24
771 237 60
771 275 40
771 457 95
771 692 21
771 720 98
772 250 82
772 290 63
772 633 33
772 855 39
772 955 67
773 19 28
773 88 93
773 167 71
773 401 86
773 461 62
773 640 42
773 848 35
773 987 61
774 54 83
774 294 28
774 451 39
774 503 31
775 238 47
775 413 81
775 530 26
775 981 23
775 998 75
776 8 75
777 66 23
777 194 20