13 320 10
460 425 10
317 432 10
40 648 10
326 791 10
67 1060 10
142 1179 10
257 1286 10
104 1308 10
197 13 9
489 280 9
374 432 9
216 831 9
244 848 9
416 1053 9
352 1159 9
299 1281 9
260 73 8
370 84 8
348 295 8
377 519 8
150 683 8
315 766 8
475 786 8
220 1022 8
284 1183 8
157 1323 8
241 40 7
224 103 7
286 186 7
201 226 7
398 500 7
215 625 7
173 627 7
42 784 7
136 1193 7
422 448 6
384 453 6
188 489 6
77 622 6
404 797 6
60 842 6
83 982 6
39 1007 6
93 1058 6
444 1060 6
23 1162 6
5 1258 6
341 1290 6
29 1316 6
8 206 5
185 283 5
327 306 5
69 549 5
171 551 5
262 846 5
78 929 5
105 1126 5
290 1150 5
265 1405 5
285 105 4
46 260 4
261 305 4
99 332 4
342 1203 4
500 1336 4
305 1408 4
120 352 3
130 366 3
479 367 3
236 540 3
334 544 3
437 1157 3
450 1314 3
155 84 2
274 353 2
226 515 2
231 591 2
107 614 2
469 868 2
269 911 2
19 938 2
111 944 2
166 973 2
413 1166 2
452 1290 2
175 1333 2
427 50 1
499 149 1
24 644 1
431 655 1
394 701 1
361 939 1
52 992 1
207 1015 1
57 1064 1
251 1214 1
496 1277 1
198 1386 1
222 1422 1
