100
5 1258 6
8 206 5
13 320 10
19 938 2
23 1162 6
24 644 1
29 1316 6
39 1007 6
40 648 10
42 784 7
46 260 4
52 992 1
57 1064 1
60 842 6
67 1060 10
69 549 5
77 622 6
78 929 5
83 982 6
93 1058 6
99 332 4
104 1308 10
105 1126 5
107 614 2
111 944 2
120 352 3
130 366 3
136 1193 7
142 1179 10
150 683 8
155 84 2
157 1323 8
166 973 2
171 551 5
173 627 7
175 1333 2
185 283 5
188 489 6
197 13 9
198 1386 1
201 226 7
207 1015 1
215 625 7
216 831 9
220 1022 8
222 1422 1
224 103 7
226 515 2
231 591 2
236 540 3
241 40 7
244 848 9
251 1214 1
257 1286 10
260 73 8
261 305 4
262 846 5
265 1405 5
269 911 2
274 353 2
284 1183 8
285 105 4
286 186 7
290 1150 5
299 1281 9
305 1408 4
315 766 8
317 432 10
326 791 10
327 306 5
334 544 3
341 1290 6
342 1203 4
348 295 8
352 1159 9
361 939 1
370 84 8
374 432 9
377 519 8
384 453 6
394 701 1
398 500 7
404 797 6
413 1166 2
416 1053 9
422 448 6
427 50 1
431 655 1
437 1157 3
444 1060 6
450 1314 3
452 1290 2
460 425 10
469 868 2
475 786 8
479 367 3
489 280 9
496 1277 1
499 149 1
500 1336 4
