11063
32699
1747
2694
2247
32575
35532
43553
17897
49043
53819
34716
15082
13891
11937
30914
36425
9502
18214
35252
13287
9366
44277
34819
24193
41013
726
46019
6589
54721
26253
53617
5942
32993
51660
36664
44631
2242
12038
23878
35012
53448
25063
25627
35330
9690
4452
9872
35730
25697
7648
27460
809
51647
35649
40589
44193
28690
21362
44196
41639
26221
29768
26890
48966
12602
23784
5434
10705
20151
3653
8628
17771
54576
23975
48558
26802
43142
11253
27691
30040
6427
32197
2125
35848
26509
53873
15505
39059
52330
4516
7551
11818
26746
37459
24325
28052
30316
37697
42069
6564
34797
26179
34202
49276
10491
27882
30522
24377
53728
8888
22393
2693
5983
36635
10935
27336
15963
45438
46685
12947
5967
18262
348
17067
52311
18923
33824
38978
3543
50583
54446
30389
39049
18293
45636
45341
471
15511
34502
50004
23964
2637
16547
53452
1419
7776
978
45064
5207
7040
23053
30061
32631
44758
37311
50072
13677
53959
3047
50405
415
13970
44210
35667
13424
48942
10982
15870
19868
14596
50872
40006
6787
29290
46852
2797
5635
5590
40917
1192
37205
9683
39876
36328
31855
32727
12656
9779
51204
48028
25388
8421
22015
5348
11596
38871
48159
40175
20638
26264
5138
27321
44823
34018
39063
45454
36645
16609
5660
27059
37907
16462
53533
16073
31841
24540
43566
44702
12762
48176
1920
9450
25857
14684
52350
1494
6779
14753
45700
12710
6393
36193
36699
30735
9797
45590
50522
15338
2855
35152
20201
8995
11795
33453
43484
48365
33000
19416
32991
38909
12740
37652
52183
38073
3936
9981
9802
47963
29953
44819
34775
53858
1341
20849
27288
47085
22750
36397
47669
19570
15446
16064
20188
54668
9750
25271
29929
20737
22063
35838
53875
51489
54350
15677
32329
35805
4551
331
40247
19932
32116
20851
39752
45557
52029
41274
48662
51366
15585
35481
45371
23855
24677
7335
22112
43348
21217
34603
4706
51003
42473
48846
51125
13167
1170
24
19469
5830
27641
50880
51223
1246
19707
53747
38142
36796
16339
13116
29530
50641
7427
27416
29749
21897
33689
45716
49443
12870
53224
23945
44077
22005
17935
47922
19929
29204
32365
45026
8621
48527
24661
5128
38769
53418
6067
15294
21808
10650
19554
6759
11292
34570
1750
12146
44518
45403
28439
54436
54596
29742
24163
40033
33169
50820
24170
9396
9034
24770
44221
28732
52138
28191
20181
49329
49257
43394
45542
45150
8114
8561
14215
54424
46713
4427
31245
46179
4902
16568
25908
39687
19152
23611
54648
48038
47275
31458
34780
43680
45176
41484
14735
48144
18341
6521
15166
15333
18694
48058
44633
48577
52389
46122
43156
52739
7292
25065
47958
24043
25916
15786
54533
10248
18725
12891
30366
20650
30944
49026
22363
44642
34173
42062
43336
39092
51098
16113
47701
50990
38396
49222
50634
6354
5948
14065
38531
4230
21585
8036
32200
48427
42353
16634
218
50228
9173
19402
134
39849
53797
13409
12086
40887
10706
25932
42967
8082
8855
11658
34899
32021
37853
14138
6791
4578
51677
22448
36488
9525
20227
20615
52626
18703
5192
40017
41033
5408
14707
50099
8925
26289
25654
462
19551
12453
41053
36865
17459
20236
47951
52639
31262
47224
10277
15783
45958
4626
31107
40799
43959
6411
37500
315
50913
4205
13817
14951
23264
8601
4659
12023
30373
15740
32917
5873
38167
4875
48261
49147
13929
47872
48909
52885
18870
526
40109
46469
54013
1499
50682
31454
41837
17910
12521
49827
7505
16540
31114
20667
40882
29145
43857
54515
26530
16255
44079
25017
9080
37854
4870
3615
24316
14798
40854
46829
4289
13718
31617
11354
8120
7878
7495
6632
21407
44886
26757
36528
258
42162
3873
6605
48963
10745
21512
14872
26152
43240
45734
11546
51902
7698
15101
34143
47402
13762
42821
52452
50041
52538
29279
31479
10064
19346
24255
19384
8156
23492
3669
9459
19331
39949
49488
20248
38272
3781
29447
44776
53941
16819
8818
52582
9254
39506
43822
10021
33426
45173
12426
17057
33400
52854
11380
16268
34606
46256
20083
46977
5554
47016
49810
53455
46468
14946
39000
32147
2446
6833
13260
22802
42758
50468
19519
46304
35467
20397
13454
15492
4965
8861
41159
22060
20871
13697
31379
33542
27234
40160
36859
5231
23363
39345
14358
23225
47547
38884
54557
8956
25041
37729
41330
4573
23767
49401
54708
12994
40760
45290
18131
54768
4179
13395
53066
44864
25534
249
7767
2738
19300
24381
2084
4848
16317
43174
37532
39318
51064
2572
42523
10740
34918
20985
39828
23992
1457
41
8146
9692
3849
28889
6611
49067
394
14463
1250
5513
20493
46970
15529
32283
25195
34584
47387
9809
19689
20235
15410
6157
27907
32136
49008
52167
28610
25222
35378
33202
33373
21287
45180
43422
41759
25557
51392
53681
46951
11707
45227
52181
20977
15426
44596
29499
21324
47171
48791
36596
21979
22726
25261
48902
24937
47767
30183
32098
52945
54682
16528
47572
53309
52846
32646
33019
49480
43919
16049
16198
49390
36749
44054
27044
39191
7061
17094
49994
24949
15649
18436
1359
18561
39779
33821
22415
40484
33051
44715
30184
959
11246
11469
21905
24082
1267
25815
37943
30258
31423
10692
30560
7820
11872
14048
53263
6271
27439
32068
11879
13933
23457
4029
30374
25558
16696
27227
49167
6333
181
16130
30147
5730
21433
17231
923
7366
30244
26808
33924
3219
26916
29036
829
38664
47808
16683
54235
7478
46351
6392
19120
26910
42803
3345
51786
21753
40004
6898
10783
49145
54189
38713
33164
45468
4063
46857
28914
29081
5902
26358
48700
43512
503
41441
8408
15787
26797
2409
28366
48316
8477
32541
6295
20687
18626
29993
27174
1261
35125
37704
41054
53699
40154
51840
41294
44026
19672
22792
38670
44248
25526
21402
31207
44901
36734
21305
30691
29676
30233
11315
15632
30450
13871
5324
10659
33149
34250
30475
53730
4606
22849
28167
50386
25111
51742
34165
6185
48699
30533
9201
18091
28757
9210
10357
17427
17925
20879
50997
16138
907
6868
43233
46339
49344
34595
39406
27184
49196
3900
46493
52628
24645
31525
38594
22951
37494
24693
20006
38979
32076
48566
51021
33230
29129
51887
308
41577
45851
5764
46233
38961
8044
49321
38033
18814
17052
33433
50689
50672
53058
8244
3582
30098
54521
4837
49645
50214
50057
20931
53657
45611
9310
46740
48132
19200
15497
48400
6304
13074
39686
8214
7136
37719
36075
52780
41644
2705
20617
42403
17628
21612
36824
2133
17074
33528
54388
6958
13809
20374
11365
10624
19883
46679
7780
33029
18707
49003
17183
10057
17076
29629
27083
50146
49455
16799
29967
44937
12808
7085
12507
40203
22467
45056
27905
48968
50119
12385
26385
32094
36997
1221
39723
1731
6085
24775
31819
42654
32516
52244
52285
53050
9466
38741
36660
8164
15024
26500
28949
16843
28903
8347
24211
51541
878
47011
39829
6985
41103
29368
28829
21169
40699
53581
26987
36334
35501
5021
34702
51699
24502
50889
786
21945
38166
20727
13673
20924
22070
10313
46954
36408
381
32766
37572
19382
46796
594
26852
34458
45919
41423
34094
8229
51357
42040
30049
36162
29800
15768
15258
36023
17027
21820
9585
16544
44226
9338
3705
26359
33935
23154
28150
40495
43655
48735
37728
45838
950
26177
37165
8701
25925
37730
7863
29595
49334
26452
36656
45658
21888
14713
11114
11565
8178
34210
34432
42700
40733
3426
9867
29990
47490
25842
15858
25297
46859
10293
28323
48941
8821
18857
30795
41210
5401
51896
54278
1150
12321
19891
41661
34475
41549
49767
41320
5694
46483
9051
15851
16293
38118
29585
3676
18187
25779
52672
1249
20573
8670
23919
23892
22844
26893
13380
2844
16104
5479
32123
53809
8033
42153
30031
41470
15060
25036
7422
22232
8897
39311
24797
16641
4827
29270
53359
22163
8710
52767
42048
43587
31979
38881
28042
13872
35696
54473
37410
19250
34470
38055
3468
3335
29052
49252
21501
43372
48367
49749
40952
54714
24238
33197
44382
7739
52977
39018
39891
23428
45529
33670
27396
10020
17550
22478
49241
51177
30157
29521
11556
26069
29625
32397
43602
43282
5302
19856
23234
39286
3432
32819
40270
1526
10972
20677
23006
39862
41626
49888
4254
50492
5860
36093
9559
13008
4858
37767
11712
20141
9549
18120
31987
23902
20052
22416
27569
51376
14670
20486
1671
259
10301
6517
119
15200
18681
28087
2222
2167
26370
40060
37111
30074
5858
46601
52775
44837
22155
51079
7642
14187
14591
49095
26468
13350
52750
3906
23280
41898
48858
17395
28080
48585
12533
18916
32668
34331
39166
37509
33472
49571
9045
39344
43646
43947
30987
12217
25664
22540
31261
36073
10030
16850
22374
22645
50540
32288
25135
2339
23304
23199
18751
50653
6905
10767
14568
49704
30540
2313
3792
50842
27076
3680
10581
16691
6546
27312
10577
11771
5118
52426
46501
32695
45862
50413
7904
1134
23586
14315
23044
23891
36831
5908
51597
9292
50204
7967
16374
47670
20109
6301
26856
29148
42739
13069
18542
44302
22918
32965
9578
16431
13773
28680
5754
30225
6059
34103
49205
28234
39413
10492
44371
46329
8034
19397
2597
20604
49578
3711
26495
47334
39240
11459
21925
31599
45198
40506
33110
43339
18128
41361
26417
30350
22301
45523
9128
7069
26710
35001
30722
31843
40514
33276
34663
45209
42359
17480
36464
18575
32378
28662
33815
33712
49611
38004
48361
1873
44710
7296
38324
42027
45435
45519
53413
10849
39433
46773
29
40615
14953
1552
6558
38514
49604
32545
39616
7207
49307
51316
41704
53490
847
35580
40529
19137
54046
40972
13833
27013
11904
15382
36775
39917
51045
1614
45764
13155
10190
29235
2727
46076
3551
31435
9820
17818
30173
52948
8028
1106
12609
18450
24437
34257
12779
20108
41305
42366
30961
47410
20798
23602
42513
2184
34375
20348
33644
47747
6576
47620
28410
38588
38938
41885
47818
47663
46729
25066
36112
31578
41418
41930
8777
41763
44215
53687
16682
33944
4571
45737
18532
5655
7961
13310
30629
34496
721
28734
45097
20831
656
16513
20918
42095
20825
53548
13617
1215
7229
44803
5632
40199
1689
44550
49876
11746
40614
52913
7165
39359
37210
3149
27752
47511
4200
46313
11576
33070
49847
7474
36535
27469
34640
5797
17799
13405
29943
41071
52726
37288
49133
32829
45652
47463
47828
51331
43966
19392
11133
18167
52144
50974
21184
34911
41394
20524
31273
21470
23825
2722
21575
51622
48728
6460
14916
24015
28542
7852
46993
48297
42900
41906
22840
47835
13641
37765
39145
7430
30459
16385
2207
15116
34836
15619
3397
38971
11999
28565
54627
51903
23527
29607
36889
18668
31419
16771
20968
39786
47606
25758
40562
35956
41174
8327
52981
7521
20966
45001
18764
49267
11592
48219
45348
6486
43300
42498
7055
29027
8730
37346
3491
7243
20800
42307
52708
25241
31537
34516
16131
18581
49903
241
36357
35461
37755
40582
42410
20331
45492
1772
49400
8654
16618
1868
35135
38675
42255
5099
30769
3897
6401
18872
18959
39363
33505
37273
38226
25143
24296
46557
8876
13911
37316
10928
17855
30780
41642
13785
14132
21093
51530
47141
15772
17168
33672
14673
1808
13233
36243
1095
21001
21966
35162
40211
42833
9747
36068
36074
36900
1475
46145
29354
31338
45783
40670
32039
34395
35678
20464
35819
2785
12964
10161
15447
27636
51553
31059
53828
21100
28660
53773
20383
21630
45618
1708
48493
2065
22676
37390
43618
6425
1906
25619
39524
28971
5037
22963
1508
43490
52748
2520
30614
7118
645
49971
7817
12616
15355
14772
22454
41379
52516
11730
6326
26066
33086
14318
27031
41000
14470
21604
45685
2988
6945
40808
50763
7759
22319
28621
39542
8343
44332
51548
41807
1153
18045
3830
43375
42250
5003
33884
22581
215
2030
30678
20646
7647
19821
31157
2015
39261
5656
25232
4666
41813
12760
14752
54461
27867
32867
21157
24531
19158
153
23839
46526
24983
16398
52909
38828
27798
23575
20474
26937
39558
46698
43681
50739
12168
39627
40424
51160
31503
28258
12629
12781
38235
32583
38757
10828
38970
17933
10270
4185
2005
46953
95
35425
25799
44903
32445
6358
37776
4422
4563
32890
8266
37479
42195
53024
41031
46425
2377
16309
23042
28297
43439
4798
43631
15943
7952
51214
40611
869
16834
4498
50197
24807
15739
25478
2671
17501
16375
30332
52744
48460
53129
43481
8721
46611
52116
40677
38899
2702
35475
27529
12047
46749
24098
29932
4259
12564
19066
11844
48389
5391
24272
9374
20074
22733
2537
3805
36714
44675
44339
54418
36147
25939
53232
7869
12584
39437
26597
19057
48312
10006
38329
8502
12314
2884
16959
32666
10822
38103
39618
1980
53987
517
51252
3608
6912
15016
1905
37734
23829
4149
46199
14108
22590
45016
3203
21391
22434
29389
16251
36022
7189
15165
10820
14409
42996
54831
52716
40128
54483
6892
38778
20290
22622
11266
19337
25750
31889
41658
5686
31122
10515
8635
49186
6245
17637
1778
22868
43009
15399
23584
39614
13741
12725
44892
29817
47191
47475
10976
34366
50000
11863
29186
41425
43753
27272
40470
6982
24382
233
36665
10464
16856
4042
36945
2530
35712
39124
41023
32817
43
1320
9476
1447
1984
10568
19412
10857
31924
12664
14902
27505
44272
10260
12973
51466
54287
24614
28400
19963
29093
2584
25512
42075
38584
42813
15227
36932
14248
19122
26963
46846
13832
19658
30219
35579
27712
3403
39747
44175
49673
34220
9274
32796
1709
20355
38200
438
20347
14328
33239
45597
13729
22866
38387
53864
19774
6921
29686
25871
35706
21076
31591
41336
12955
49951
46636
4717
44206
4361
30463
43788
18111
28288
50746
5523
14730
16562
31429
839
53390
17095
45120
30189
4905
44607
13129
19797
12356
50423
12941
36039
24638
32154
41481
37889
54263
34280
43912
16452
17414
1853
41634
43561
17061
23311
51975
47945
43964
3761
21508
42427
20895
24463
30243
53254
13386
1782
36523
26636
9980
37341
34424
2687
19683
21378
45763
43781
15158
43711
51353
25911
757
30429
43105
20225
11397
26604
38573
46167
15890
30592
14029
51363
29044
51821
12328
30344
44693
47351
6684
42773
18049
43739
9311
22204
5784
24046
11057
12434
50174
44404
9903
37491
52973
39515
22718
23826
316
28522
40813
52507
34985
41462
46047
22666
18238
2759
37262
23753
30193
35202
4074
44567
37741
6772
6967
48573
46548
49177
40359
43341
33547
13840
7309
30547
16077
50249
783
6348
9814
15804
21489
28641
11636
25500
36750
5557
12339
49701
40774
676
51989
399
30057
44125
29341
7211
35843
46391
27093
44089
24499
25492
14089
1207
10725
39208
16859
13180
8009
39854
29209
42340
41067
22935
9877
51562
17257
1725
26947
40830
21142
38932
51100
42450
50847
8838
25090
18976
43266
5317
17769
18696
33438
50764
22627
21780
38563
7851
14277
27727
9417
14509
49984
4316
16602
13795
48649
29617
33861
43445
5868
32966
38219
20275
35761
39028
14931
3121
17225
54160
46150
5662
25901
43324
8066
13496
35932
52058
11423
5306
49618
37310
16503
32053
33891
46669
17130
19171
33805
44140
25852
46013
18093
29240
46746
31185
6044
52918
23571
49348
50785
40605
31206
34008
14938
38254
32435
49685
557
43856
19379
30838
38124
53108
1426
54713
16146
38546
49552
13638
13300
2322
25831
43036
25888
28239
12395
16354
46894
53002
52603
9621
18502
6463
25542
27334
9631
36171
1330
21533
7151
25047
23422
25707
16355
36862
37011
34531
2777
40137
34892
41277
7861
37428
18804
12558
37392
5584
9263
20533
48634
10323
48047
32214
39728
15252
52292
62
1490
23926
3815
34979
35259
24979
28505
53509
47185
10548
43104
50165
40114
35752
46287
47503
18849
32845
41599
4805
30104
16752
54033
30929
51587
5261
32370
53440
24635
37062
54398
614
32278
37434
33473
32307
46950
53752
25015
42263
45841
15594
31553
34548
42659
19318
38903
8800
31023
13693
8911
43730
14923
11803
18715
51228
22879
35346
22285
14012
24140
36524
44587
5013
53759
3646
41534
48690
20449
43210
5567
33739
24913
26098
31570
50276
48235
53572
47135
24720
27262
50731
51487
31139
7684
7001
29177
4112
45819
32355
7198
15315
28022
33481
15179
13806
30532
18209
54170
8398
51815
17941
49088
22945
31181
26922
1801
47377
51801
38891
45874
38595
15276
20785
37156
48479
53174
24247
16849
54752
43682
51349
18520
44159
37362
23667
45355
8524
12928
25379
52087
20807
24152
1536
40622
5856
27045
38381
39258
5617
7891
35903
19784
50729
10501
40305
2764
41357
13635
34093
19476
52401
20459
33937
6662
17117
7707
41785
15727
27759
27367
40240
41745
5089
30921
1097
13436
26031
11210
11372
36122
44420
25043
29545
2175
53637
18384
9706
17926
26631
13444
52952
35421
1837
46899
24308
28076
11200
54154
26976
20714
24739
52197
16171
29319
30267
45929
2473
50719
33515
53115
12595
27037
3506
18608
32052
14426
27788
25200
38159
42689
30594
24896
48143
36498
28523
32198
4526
12005
50256
27337
9944
20818
10776
16557
51477
37140
6676
33452
14833
30199
53255
42901
19438
622
41130
21987
14782
38424
3409
18523
26617
34988
14300
26697
24472
7537
40251
16956
36234
52663
22748
25233
38562
25502
43525
4382
7163
13111
32163
43112
6466
30426
4003
25863
3768
49676
5462
22428
43223
17153
45044
34857
44072
3379
44100
53479
15135
20934
32249
17725
27914
36826
20017
6218
15914
42021
30273
48248
7160
14503
48569
49410
49530
50904
28462
23145
50046
27406
29247
51862
24680
40350
1550
3185
28832
54629
22034
40712
29940
29646
29984
6551
35111
5718
38140
22520
29637
590
19767
4700
31561
242
25985
27703
9463
5294
5676
14295
14738
29452
2828
24449
20901
7030
14305
5041
26380
49838
13987
45229
5600
23871
1386
16119
7530
23354
43248
22309
14230
47158
31649
20620
27606
6146
39073
19811
25445
42876
29602
13660
53318
46262
47878
46765
27120
47313
26381
38292
68
4560
4240
52342
6646
37378
48171
45871
35215
2514
30819
17830
21801
24740
34015
21911
34708
17267
6233
42120
7147
23542
23193
52923
13059
19948
26649
33341
18232
27941
32837
45943
14036
44676
1394
54334
31057
25893
30047
11090
33688
53433
11124
35888
24902
39996
52804
15629
48215
4215
19759
7928
31984
12260
5746
29104
4600
5538
31328
2054
20956
40869
38920
16581
46205
266
3548
52273
47065
33836
14592
42846
28476
49694
6241
41414
1314
52316
15709
44326
2298
40189
53296
2699
39390
36313
11023
23208
3682
2958
18095
48113
6312
9098
35560
28925
1196
18551
51857
3689
49073
18541
28752
835
17920
30645
37489
26786
42032
8272
42192
39497
36345
28919
30767
13882
44861
51511
38974
27892
30979
24309
44296
26280
7717
21416
15906
41184
8411
30503
42461
41740
50458
5077
27896
37637
5769
25202
7894
31405
38184
53885
8446
37871
40402
28799
35503
27249
2456
54343
52877
54131
8909
39398
14039
14227
28015
13685
26249
50357
14510
6977
22883
25828
5333
42564
54700
18510
27392
22429
45309
52702
6763
20114
34045
1597
5996
36569
39265
4886
20174
48871
4976
22976
8640
33654
19292
29182
52544
27409
44433
33906
41977
41060
39905
23316
5335
8307
36541
42895
21176
51605
48741
23607
17198
3788
19150
11669
17293
11232
29849
50288
42993
41216
2534
31749
50319
54095
33552
28870
47791
1975
34781
43184
54231
4986
43056
35166
10638
32088
31277
16366
23470
39585
44991
7516
16090
38507
52530
28513
28908
31996
3448
27095
39325
20456
10049
48145
39976
22688
3865
27834
5525
24039
24293
33384
38671
13964
19635
11643
6580
51618
43442
43704
52834
27789
46576
14765
23412
30404
3916
31005
35924
35736
35796
32500
10386
40833
47259
45532
5869
23677
36512
54062
47125
338
47005
54083
9386
26695
3209
8798
23136
34278
23190
40323
13222
37243
8885
49819
33486
53381
30051
40168
47840
51090
37843
15072
45461
47311
3721
5741
33379
45680
1803
53041
20951
5757
41831
38246
46976
2107
16224
22041
11454
12777
54804
14908
29405
29697
5958
22122
48780
30898
46297
51767
37750
8984
34201
1679
12976
50156
10913
10173
4088
48292
54079
2329
24190
37546
20563
39735
17276
23947
6849
17350
9285
11284
48420
13041
34417
2191
12235
13455
14257
48244
17413
25027
26117
1864
5921
48947
18818
33888
15745
4525
52023
1229
48208
6405
9162
31611
39937
10673
45915
16097
53555
35390
45881
7041
51728
2280
7541
51501
26398
1577
7881
35707
25883
3623
39123
7344
22470
35435
28062
6856
21815
51420
33846
16247
50080
49494
4759
30786
34578
32422
42908
2794
8915
29567
50610
53419
6465
21564
37257
41038
51293
53281
6133
43004
20389
41251
51655
27587
35587
14989
35603
31095
32538
51805
45219
38365
28783
16233
32176
41985
50108
20438
41846
52564
29335
32975
9154
18288
10208
44020
46188
48925
15317
16185
25487
42290
819
13703
19902
39878
8452
10891
23018
18501
456
15663
26058
38433
48104
17735
31745
24445
42166
44520
8485
38829
17828
9509
16300
26312
47441
9069
51999
21625
40147
42413
52208
14164
23698
10646
12350
38410
42723
39473
10311
33658
34874
15805
14469
44582
20552
9301
32994
50613
51394
38700
48864
52718
18023
48715
52017
43257
54644
4799
24493
34071
29559
51877
15756
19072
16876
49854
8038
53117
53995
39499
9846
11684
52638
30086
10362
13790
36232
27129
52467
52354
23537
39160
16782
46356
30436
50499
5739
4946
32462
1752
14520
47590
36628
45642
5166
6456
3229
50929
51435
19131
8179
25977
15551
17182
39884
33139
46630
32004
2159
53305
605
1334
35396
39900
17620
6530
14178
53628
43746
50921
44352
19475
28744
17665
27428
8088
11887
14561
17377
2574
12984
8834
9017
522
35275
10424
40650
28671
6876
45829
46443
54826
23334
47253
43435
27783
41891
25967
37007
46565
39705
52103
86
26683
48932
5289
53784
15126
28115
46341
1358
9018
10179
18680
23966
48372
19419
32996
34332
43196
15817
47366
48535
17019
24370
21120
29906
44721
16178
20217
30991
16887
47277
51072
13724
15284
31988
22080
24403
36430
48650
1208
35230
23786
14957
9919
24160
13194
29435
53852
7584
2201
6773
35542
32709
37108
37518
45480
46030
19593
6514
6718
54725
82
28773
23182
39090
2093
433
20704
15797
40756
8841
17000
34108
19645
19359
13778
36485
8650
52865
20471
11667
38687
45421
41800
13603
54102
15031
26259
35815
40104
45495
20167
6891
49912
4692
49350
24477
24853
48450
10014
23073
49359
25960
38177
9822
44815
31007
46222
26378
1827
31494
36890
64
11593
36325
1075
48497
42538
42358
16197
11614
4579
48639
12653
50983
1053
1819
22635
32268
35608
142
13669
14862
6054
24269
36276
52733
19025
9234
16731
18834
50890
32968
50896
36120
8286
9393
40288
26301
16941
23566
14721
18741
14985
42790
53374
40858
17304
53014
19955
39369
46877
48928
49835
16165
20635
986
45036
18152
52368
42051
8141
22873
29703
37800
37052
47827
4478
23489
13846
3762
34565
37600
14893
37368
37920
52612
7111
34805
46056
10908
1391
22369
43352
11511
13376
9077
44471
53978
28007
28549
1069
14055
35362
45610
5673
30954
35554
50026
44260
1569
26782
31101
32985
23628
48682
34346
4409
5664
13002
45937
46838
8386
11312
35632
36638
28840
31760
805
44228
36347
53499
8219
34870
13771
41542
30589
45084
32285
22565
46566
13273
31948
49781
41121
8694
45071
20242
28926
52682
16657
46591
48345
31612
44179
23938
30631
45444
3567
366
44985
32735
11005
48085
22435
6110
23094
52934
46656
3394
21223
36000
27216
39058
54039
30791
36453
47630
35075
52369
29489
34237
947
46324
35094
10141
26866
36781
17279
21990
16704
5183
7329
14976
18256
26224
39634
15974
49432
6032
24890
14695
39852
40530
1392
19473
28532
52210
10390
30803
36698
940
17542
35886
16204
44747
53569
17641
27988
35548
25645
50150
34037
28629
3843
25838
38088
42316
39010
4147
27453
54411
35558
46513
48773
13086
29395
38413
51947
11143
51191
51874
12907
22051
41994
31704
36102
7081
10090
7914
49280
18826
13005
29351
40971
28143
40968
49114
42160
19755
43291
703
10872
48836
38537
51181
15313
45746
52333
16578
40927
22702
23690
29023
33520
18357
10432
2349
2661
38395
25434
19429
32062
35307
3116
17301
24727
16640
18420
40327
5904
19586
3088
41195
8959
40658
43513
7830
24935
47207
34763
4784
8988
53211
13214
53871
698
2954
7426
33417
4992
9595
50570
13017
37269
50282
15295
45569
24841
44239
22575
41651
9188
33755
2743
51327
12673
48471
52108
24970
53120
4839
33882
24977
2022
36294
9635
30851
39300
38346
51532
44016
18494
27688
17821
49658
29208
47805
47939
42270
14715
695
34124
32868
49843
5438
39922
41916
5341
47399
2419
6984
21275
22679
26294
10629
1923
4556
21263
43639
16758
3969
7668
41113
34150
50870
11227
38501
34621
19819
37469
2847
27997
22859
32582
7472
28222
17533
2652
21283
34921
20259
44947
47067
44021
12466
19896
27663
15824
5453
47032
21171
30697
43841
7246
23336
30325
25770
10862
47467
25788
14739
50803
33255
2646
40040
29724
9895
46385
48391
51304
15512
11823
47975
16057
36269
28485
8466
4197
2680
40089
45602
36822
14131
42323
12154
52076
54507
1296
33125
28427
52275
7685
42185
7599
52212
48781
18907
32934
52016
11060
13502
19326
50292
44543
19547
54489
33787
19172
8610
35401
40445
54203
18311
11756
51965
38475
3994
22445
49322
35624
12536
33780
40191
29011
35364
37126
49049
3527
31409
36964
9724
24549
26685
36315
43897
19465
16320
50951
44427
54137
3027
10807
11031
27194
28304
20192
49384
18278
44118
13577
18609
28654
15439
10164
29446
40034
45787
4459
42827
3014
11155
19338
43597
10348
42305
49210
32425
48214
48822
33157
38070
42203
32618
34414
10251
22703
39690
12054
49006
50311
29851
765
26859
7799
12820
510
715
40970
5323
40574
1319
8611
26951
7201
41096
33260
28906
44835
11540
11737
45650
4957
24000
4969
12225
17321
24105
19736
9247
44732
20007
46094
37191
21892
36505
8430
20656
51609
25251
26608
46666
25169
18935
41302
4544
32591
9405
14380
3807
50755
20793
37934
8588
54567
51567
2839
16670
43953
10921
33150
19521
3084
49369
23372
47449
51427
30888
25204
30672
26487
2939
5252
40759
19235
24851
18175
22316
37445
40820
17236
28276
37722
54640
52192
36416
37590
2276
5161
3358
48476
37619
5220
34358
25742
16674
37559
16652
49319
45508
48067
30671
50724
44361
27806
24320
27982
4309
2399
44600
4503
12269
18982
30680
37280
41523
46102
5087
53310
37439
36134
43247
28212
10078
26637
13572
29142
36867
37067
10406
14140
5376
45277
26077
6298
16188
32647
21813
23200
19110
32304
48109
3601
19557
14202
30274
15899
16767
9185
44045
44442
9219
40113
42344
19194
31641
50577
29790
52658
38837
14996
24148
37116
25336
29920
40725
4091
33393
39607
31209
48177
51883
1445
19970
21518
21692
42318
50162
38220
7232
28707
31954
33497
54839
23908
8739
28964
1144
32294
41838
15053
17995
21473
35747
36652
45514
21596
3243
22094
36461
44788
35685
51781
50891
1724
26157
3661
25668
42985
42567
49104
6613
12515
10034
996
26089
16409
36582
46436
12341
33682
8209
10473
50210
4468
5150
48319
17650
47056
52925
45278
45712
19007
24754
32911
19696
34058
8373
8054
47155
45190
932
112
37486
30448
40945
19917
26719
26741
23638
46249
38731
44286
45589
14641
20132
43110
46318
18219
34910
49710
13258
34438
28994
49864
36924
52831
46006
3838
13919
18596
28109
7602
25417
27814
28935
38019
3194
18893
34686
44626
24169
40889
13516
51124
26208
50938
40448
707
46224
3955
5976
27824
47217
46943
2423
19941
31365
406
50830
2522
41166
14100
4958
1028
12644
33343
23740
54366
48652
11762
46911
34737
29053
36337
1175
42942
3109
49495
53349
7843
3284
3249
15810
25396
49278
12801
54072
50035
2306
49589
15416
36124
9348
50834
31898
53985
45051
18590
21701
21027
23619
27931
47682
26517
35069
15143
37643
34443
21647
38110
7976
41404
27168
53521
53543
457
8348
9518
3033
45794
9843
52553
4235
23552
29576
40855
46375
47920
30907
35722
42172
22199
14008
3596
52299
31125
39472
29879
1882
17734
49142
31009
47641
46868
24189
22821
43661
54542
8556
8964
30300
42638
51425
7277
14144
45866
31470
8932
15177
5454
39767
3824
52349
47581
16095
30620
49467
23895
10455
30749
53910
5583
28767
29461
30076
45237
46928
18653
17356
10416
34844
49520
9108
3214
13031
27156
13594
34462
22507
49496
26014
1604
15189
28944
38505
53990
32688
42960
33749
49269
50512
18005
38780
3858
54673
39442
53347
6880
7913
19167
1434
42583
47885
37797
12707
20444
35337
32927
7663
27957
49785
46024
14095
22606
54852
11275
11405
9652
28101
31485
33398
47654
4907
38164
15977
42556
40894
8098
51404
47954
36144
12189
27768
9319
17605
29753
6983
35682
28322
10286
16580
31934
40686
20119
13526
47172
33081
27111
29206
47417
45289
41867
48048
30583
26908
8253
20629
24305
8789
39422
50935
44563
18027
43432
19222
49293
4182
42396
14679
31060
32531
38980
38114
22497
34136
40383
41687
26200
26479
23983
34027
18359
1018
1278
3990
35711
17596
22129
13967
40279
20043
32799
43760
24006
31188
14544
45567
19940
26426
8137
14355
19881
34381
22498
24884
7317
8168
10599
30743
36979
54296
21412
52813
47711
50789
20514
34671
12202
39729
37086
40544
19458
2882
6444
18174
4104
35774
53844
2216
28019
54142
51720
45434
14940
31129
14791
33462
32083
38466
4742
11527
4971
20569
46270
42983
1774
25861
1404
3257
19101
12079
31915
17096
39462
4534
34554
51258
52995
6755
3056
39670
9027
3217
36225
29359
11207
13941
27068
35021
51445
796
48900
7623
7723
17570
10182
41839
52358
42147
43019
49932
5230
49719
36897
46923
44573
15207
46738
35054
42799
27431
10711
4034
21036
10687
21110
23664
15057
54190
29647
36376
10697
1091
17209
17688
43893
45579
11900
28711
4301
36601
1518
23191
36189
14340
45896
31768
12121
54801
49414
26562
21266
52378
30309
31480
31693
4102
22512
5069
41473
12156
38650
29381
24457
30464
42222
2441
1461
46508
54180
47521
27218
48507
9228
36727
34449
20417
52176
46915
44036
7384
40878
21853
45849
27329
13471
22320
32523
48488
54496
6380
16967
32234
45271
7079
7634
38132
41501
893
25453
18885
33695
19730
23731
13334
15293
40743
9239
15046
14867
10884
43694
34587
12979
14909
34620
22243
35306
21207
16940
23865
8394
44479
48799
38845
18944
41683
4671
28230
3174
9914
2558
3105
49954
6021
26407
52555
22231
5828
44909
26626
28327
46985
26840
9999
33990
34617
18159
28718
20175
29229
24550
7958
35029
38263
8882
40274
9989
46242
52721
17848
4978
41273
34482
16719
5064
36310
6585
35980
11804
14744
7751
32775
33308
31715
45912
19780
51013
42804
17804
476
21035
50195
22966
32795
10088
13627
9934
23291
15687
21562
7424
15879
48174
4242
21342
9513
20810
11321
13543
31714
50601
9241
44554
22172
11329
28861
40058
1943
48339
47197
22998
3152
33948
21130
22929
7989
41791
14007
28585
53354
43227
54662
10530
12130
39982
30699
18776
21343
28850
27148
48803
6156
6434
44090
53114
3191
19026
34676
4828
13083
11532
12418
31587
35084
48952
23745
25296
34967
905
46542
6352
43751
747
7610
1952
48542
28665
43579
22086
34063
29797
42491
47421
2773
4435
53789
42644
15939
34339
46720
36724
32587
4818
9566
39997
40260
1385
18617
3547
50646
54758
38047
4328
32311
14086
42113
29608
32930
26139
22660
43546
3277
41920
54812
13630
3441
20766
42273
49539
35641
24301
35653
35132
2139
47557
47531
2146
11852
15091
3637
32224
44001
35352
39932
24695
357
36787
25201
31730
25993
12016
12742
19580
14693
4646
34944
45009
13187
19144
26798
34517
50240
30465
32353
28186
48457
40896
26510
7640
16285
5774
51391
4736
41955
37325
45111
30453
6505
34751
15316
37149
50086
16877
35450
8313
37886
40032
33753
1899
11409
37515
51096
10262
49086
2566
43355
31025
12884
41070
39146
49916
3011
53634
51143
26476
35379
31448
46368
23025
27313
29657
3126
12117
41771
53663
46903
4811
15254
3238
5609
205
47367
20801
10580
47984
49178
4912
25474
32594
27540
45710
42866
38320
38400
25868
1201
39985
8356
47080
21242
52730
10758
35
21546
54426
2082
28758
12405
12548
14926
47732
22131
31175
22989
37968
43895
45041
17396
2513
51630
42673
40941
52545
12120
36287
25635
34363
10519
4618
22170
47474
46578
14810
34319
42611
47021
19985
20906
18331
7338
16709
12699
40532
22921
41449
19151
25253
6642
11623
14607
18863
11626
27425
8675
41565
22652
48154
14797
33103
42535
7998
24730
53717
40790
41972
53249
35541
49582
43427
13909
44381
10109
49543
27515
33325
42237
3699
25189
5819
5546
42464
10012
21798
24713
46451
50620
20941
10901
17026
25760
15637
4246
35442
46043
24688
11168
7732
22458
2231
23497
13533
13146
54474
28555
12551
20697
31084
17923
18969
1791
24224
24591
42205
47092
9575
4345
38210
50171
2389
24073
26475
19368
30511
8647
18411
36380
42481
46120
35799
6741
43168
42300
11419
289
39839
41293
4274
23911
39802
18038
38091
29803
21425
43102
53194
18303
44722
22793
20662
47886
12900
28681
49297
12198
33590
15287
43354
42424
26768
42202
21950
21736
48718
52475
27602
14151
26055
20125
2478
52143
45666
48412
16069
54032
10329
13483
23283
23514
42061
4880
30299
41646
53739
1856
12239
10823
43356
38296
50348
23929
26
35763
29373
12232
14400
20362
44939
26700
13585
51307
3362
3882
41420
35320
18170
28587
25057
18426
44165
5629
51255
34285
13764
33009
35220
3800
16785
18075
34851
33537
54777
37278
18446
38458
42336
7730
5443
41664
12311
13556
52155
20613
9949
31163
28907
31634
2466
10118
43353
28458
5703
26442
18105
14004
9099
21482
9105
51939
41941
49538
42216
27349
13242
14888
16926
5485
31956
54516
32029
52303
11188
23095
50397
51912
28139
43771
22711
7789
47425
20842
18096
43796
17909
3564
20066
38556
46337
47492
2994
7319
40518
43896
49699
4651
52667
32418
52901
16908
33581
37910
43404
44832
45155
41072
44324
12859
8063
17398
6690
532
26127
44620
15642
4687
16129
24037
40312
9204
21045
34528
693
5366
16558
16020
21877
14265
12490
54309
39215
49899
46938
17687
36373
17709
965
17889
5931
3940
50454
51689
46344
3032
18458
15392
23173
39738
6202
25795
34274
9435
38372
2926
38623
15268
39037
40691
40414
28837
46403
19761
1436
9720
50507
30137
41546
3461
46633
39489
30364
10923
44529
6011
32957
14968
17696
40900
24630
7175
37785
3425
24636
25362
27101
38482
53525
34385
14915
35898
31249
49471
2551
47738
51662
54744
44008
8437
42052
46461
45433
45244
46159
53450
35569
23164
25724
44496
48446
5232
29979
27596
13277
7745
11519
21875
25325
5427
40462
34243
24524
19908
22838
838
16744
36230
3019
9493
30709
20718
2811
10537
21726
34624
31546
51142
13252
30570
11956
10707
22823
39796
49882
14571
20760
23426
6675
36231
22406
5918
32639
33217
14632
25333
39736
52405
9483
1705
46584
17099
5043
22032
47776
21019
36447
37959
51516
52182
32650
566
10178
43935
14982
21552
50924
16348
12186
53708
6137
25179
23493
3352
52228
43849
33681
5218
45982
21024
11172
47843
14228
49422
26959
46212
17982
21439
46135
12293
34316
38797
5283
21005
11896
49093
3522
9730
22771
25532
5817
25946
34634
5390
40762
51337
500
48142
48813
25736
19732
44396
12624
53701
11982
14699
37815
51493
16822
33037
43318
3499
21846
54764
44391
41703
44225
34302
50965
54243
25351
45606
26148
38484
33777
19015
34913
53009
35615
362
51210
24389
23404
48944
50812
25849
40003
27856
21667
13976
21858
47374
14194
29479
4134
30573
9058
46082
8772
20224
33931
31965
18143
23648
38008
45261
7470
21995
8974
16276
52757
22103
54452
36156
43270
47238
27843
44189
53647
7406
8646
9593
51942
21659
48253
389
12680
15604
26835
31019
52190
48490
16792
43275
11306
28979
50455
19452
21764
31722
14949
49237
15003
9634
30287
35553
42149
13590
12110
54585
8290
25099
25181
24665
31267
5493
14879
224
4323
47095
19434
46431
51453
47912
3259
41823
38810
10829
33856
10131
40860
6166
46963
51220
52646
18210
7876
33954
4668
21742
37037
3946
45809
37347
53098
15671
31196
37032
25807
26846
48552
23576
51750
17546
39578
51796
41755
10314
25665
37793
47499
14335
10824
24696
42645
9860
53074
8581
49157
38727
31571
48749
17653
25082
20253
22684
4222
40129
779
3737
35914
48998
1362
24569
46016
2628
38808
42416
31906
46395
19957
6694
22143
48241
34116
10483
16347
19871
49803
2100
14857
11749
20326
37838
12443
42698
31000
44250
12717
35108
16023
45067
54222
6319
14456
6884
22190
24055
8938
35894
24869
21660
32204
6498
39532
46454
54572
47716
21921
23760
23822
13855
36509
30165
32347
26843
48561
31466
42
27382
3385
5993
30552
18223
42886
47164
34936
8280
15350
23032
31140
39046
34561
11179
11387
48667
38314
46263
3713
21050
37964
44650
28573
28578
15044
683
7580
29861
10338
29075
29809
20554
18403
50339
45624
26192
18565
31152
38043
11080
28183
24303
43026
45413
20319
27447
2281
3715
13177
42379
45708
33363
41142
13365
32892
33915
27346
31219
37524
4057
12930
48190
21222
31088
32780
4481
32468
1949
40238
175
39371
16432
11919
30118
36301
15430
44144
12331
38080
20591
26894
49229
16910
51207
10520
29210
30805
29255
21493
26826
13550
47636
53348
2037
41489
2895
5411
19850
46844
39114
50263
12025
33943
54549
1039
48413
29764
33353
6209
1353
17784
52787
12896
42730
8057
47225
20796
50221
18953
31382
12070
45086
34934
26045
41723
38143
2587
45390
26436
18272
40649
49349
37811
36573
22353
30975
47031
36610
35370
53627
46189
52994
30879
42647
48832
53969
30486
3630
21957
12162
19405
34694
48680
24397
31473
50700
34927
1335
17753
29309
34560
18642
21233
51705
4915
25243
45325
11014
5839
7592
13430
4362
14827
2947
54540
45548
31891
41039
45185
6475
8015
33132
33870
36955
39456
26164
25690
54643
4012
29157
32380
52226
36942
15993
23961
53913
5498
1847
14082
3136
27563
28948
51526
7752
42768
31684
54016
52126
10987
9116
32621
18068
44510
3267
24608
17975
4745
4865
31801
29642
21837
33973
49757
5450
40843
39925
52129
10610
27519
46756
11442
11659
18193
43463
16033
25306
3731
41440
17255
10203
35786
44911
34292
43085
7586
74
32746
49053
4297
40726
36880
51505
34723
43508
38956
8064
8577
13563
52967
18731
38824
40613
52120
10159
19897
17661
39714
42759
53471
9629
13101
34309
49926
13493
45657
49036
51859
52174
24421
33427
3059
26243
9068
15584
42861
38192
17450
8783
17526
35515
27556
29412
35103
53486
46472
18594
36564
37386
42911
17159
41349
27494
14897
47646
15482
17949
30292
5610
19269
50047
16703
54318
2266
21827
7059
22135
30190
20616
27736
7459
39290
49219
36834
18100
15699
38060
16518
2543
19316
32223
41168
1944
13763
8533
28140
15305
20458
43119
22179
36398
12567
17302
36871
2157
8685
11574
33088
29975
29889
34445
53197
19807
12485
27701
6993
34321
1632
35193
40072
11430
13049
50691
17106
47132
12789
26526
3290
7482
24332
19221
51868
25902
50153
2747
53725
44506
45894
13867
37177
3643
23801
49788
23248
31785
51693
7463
1004
11496
17881
11955
37295
44130
50367
9156
35115
24339
21202
30041
9735
36620
19583
16600
1698
50148
12542
40907
6305
26801
46038
53088
43720
21152
27005
45821
10695
39154
7620
19622
15210
16776
30685
22613
6492
47865
49937
11260
43358
46131
33266
15706
8481
47859
48913
23320
18078
22583
2756
46096
51059
34824
31873
32146
20746
21988
5176
25315
47731
21754
38787
16590
19818
42593
12096
27876
23255
24676
45768
47604
47894
38075
10717
895
38001
34288
2725
50957
10617
13565
41607
50302
51413
4336
14218
44194
29167
31070
31847
47535
39378
50378
44109
7511
9540
34090
47323
22596
28246
25
15680
35674
48617
31687
33702
8662
21863
3664
34766
26875
39252
46847
20713
29064
20030
20427
21097
21523
44355
21788
37563
4017
49083
25424
35278
25457
14391
14588
25013
16898
51343
33430
46598
1305
7729
19056
47870
5645
3303
7488
6263
40554
38495
1182
46780
46907
7931
6723
43064
31862
53512
1286
32940
41833
46946
11951
46479
50942
53464
26770
40494
40709
49308
47295
52395
47178
53275
54632
17444
42460
52592
14651
32263
26321
18972
19247
34866
27923
31522
54407
44568
33494
26036
51346
26374
46594
14622
33662
42756
5893
38153
8297
34208
132
53597
10890
27738
14369
31074
18020
10712
34915
51458
28792
33862
29958
1060
11344
21188
24179
12030
6243
38950
9928
5157
14617
21356
28825
11158
52751
9126
15151
36585
7930
36515
8273
26342
45253
37861
25573
41886
7853
9003
42842
54531
30965
14419
33058
32742
15737
46071
17717
36857
53246
23019
25128
34959
48170
39094
8458
18837
30256
44437
51201
40081
199
44230
18646
11039
12492
22763
28424
34955
41339
43384
28130
37253
33069
35725
41009
15919
13743
41388
22305
2820
4681
10472
45697
49596
50437
41245
7382
19474
22048
11611
30870
10956
24425
35867
46407
30638
36181
38580
54603
19536
46677
29220
41132
5415
7183
34808
15224
48097
29666
4079
17594
42144
6091
21153
26849
52938
5572
15548
24516
2163
3685
377
51080
25497
22831
34827
29799
42578
22528
2295
20480
33316
31318
24411
48532
36621
172
12102
43905
15343
12152
23491
32697
12633
52085
6948
24579
4769
23505
4935
46000
3416
20158
44643
36778
39417
30763
2918
19497
36987
50461
19713
44736
15565
41090
32190
35248
4162
16053
37746
9147
10226
43992
36200
50329
12735
19160
24857
41514
9657
54149
24923
32974
52521
53948
21259
35986
41508
28841
26212
40852
54791
7013
18990
14263
29094
40565
45909
52450
43635
1084
29717
16
35394
3311
22289
15983
14154
18383
32129
35557
21872
48729
28911
18576
34573
52324
20040
13899
11963
52965
37683
15115
20307
41962
2144
29358
39106
43831
35508
9090
20207
29476
18037
9356
36755
51133
12868
17798
5308
45477
33443
45138
6228
35518
39423
32497
27598
18139
36438
8590
26198
35979
6704
2241
29007
3514
3578
7561
19132
19649
47757
19631
572
11698
31556
33265
51847
12476
39697
42753
34998
22276
29962
51836
9317
36049
24907
28136
3729
30668
5460
23479
51048
40372
666
14558
18409
5722
40973
43874
52095
53215
2387
25731
22059
43926
14497
52062
54085
23397
51982
6118
26752
40389
47074
48716
9184
52221
29321
29086
13898
1338
20921
19858
10812
3220
29299
4397
6335
38723
30203
28617
52047
26830
43080
27924
23997
13270
34241
46735
19535
13828
2291
8906
23012
39754
37046
16241
29516
33207
21333
32108
27181
38233
13895
21123
35014
10751
40300
144
1666
3040
33980
20298
31834
35714
9236
28349
46595
3852
35042
36762
49131
10259
48169
10231
42665
40229
3170
40568
45299
23520
6574
24709
24835
24554
44329
51107
28433
34609
32671
15883
17575
18835
29430
15370
32651
30335
53161
40734
16828
887
13418
35408
36047
21622
27293
3069
189
17699
11583
29710
9329
21063
22261
27548
31327
22574
26647
9276
46201
53395
23925
1892
7155
13344
425
48178
22958
44781
49058
24099
54121
36710
21453
49567
5417
23562
9117
11754
45202
28452
38803
6543
32602
54196
28073
11300
31703
27629
21722
36659
45885
40499
48469
48679
36799
9698
37172
52259
54387
4779
23112
26162
49245
8196
20841
15519
27585
42930
1118
23082
8811
12474
17406
24203
29949
28500
30110
31939
1376
18659
15364
33771
37454
5108
48005
19677
11826
24228
28780
7531
14442
35487
27143
5668
46694
27381
31914
33519
26565
28068
32506
42769
35206
25281
42227
53148
34115
16538
29055
41617
6385
26871
23058
34754
46805
3478
42465
31426
51930
18247
31443
28383
19848
41311
46178
49652
8508
46659
12794
10369
11972
19189
16487
30116
4280
22169
18069
8745
26043
44316
1048
17436
52645
10589
24317
32823
46280
21747
16584
22892
42622
47433
9359
2437
33067
20440
52115
44456
22399
41712
44349
23015
47860
43448
44959
43475
19566
28593
5343
18643
39062
35497
48255
5690
39452
9414
10496
23686
30280
47072
43074
23447
30713
44556
5788
54765
50712
29511
33456
39603
42932
46453
3246
11733
33703
37975
41165
6219
12192
22979
39652
43657
14869
4450
36551
54281
21638
30409
9681
48270
32454
15065
54003
37285
41313
47729
5356
52178
27858
18574
10960
13864
21379
50431
9977
43125
5229
10839
53377
43862
47392
5555
46475
47761
48228
36770
4390
50006
1517
5803
51688
43809
1443
4407
38632
6077
6267
36085
1587
26583
51962
38751
40111
33874
34180
5472
27023
36572
43541
32044
18636
48911
16439
274
7102
24284
14947
22330
35728
13057
29441
27357
44853
1507
13825
48992
19833
9213
13988
38572
35947
46693
13138
12771
7287
32878
50591
21064
36222
4192
9532
38640
42952
18315
5305
48847
3771
40640
10947
35522
23128
41613
53078
9005
33602
9788
53277
19537
22529
52205
24858
16478
12370
30498
35729
6866
5054
51089
40598
29199
39630
34405
38854
23913
22230
45361
49631
14745
20116
35118
40405
4467
13961
17216
27743
7356
36877
7956
46111
6623
15949
50127
29916
24716
40801
49617
31729
41405
13384
40654
49724
4124
24023
16896
1252
27116
9801
52492
22117
12376
34411
41180
11240
13203
15613
33042
6954
11743
44660
4119
16079
21483
41845
8049
14345
6421
37160
37136
944
4300
40722
31346
26657
25196
9408
46325
52838
3326
14128
31147
39981
22783
27979
50172
6743
18048
54304
4874
9760
2603
40050
52162
23676
11721
42167
34351
43801
28468
38763
41733
19349
4226
38214
23662
41625
4127
45475
41853
45967
38715
17518
2548
4491
26818
6031
30022
33531
35033
4523
16950
42547
17287
41672
2961
3183
10665
4506
2718
22105
29013
52820
21129
40765
38337
4296
3095
23003
37300
53399
9016
54811
38863
53900
31390
21370
14331
35739
13739
54152
40534
53329
6280
20544
45496
26645
25624
25188
22753
3833
19615
45141
52037
15747
42125
19528
31811
52621
30129
1650
37230
6750
10195
2357
47851
51242
41366
2888
6193
35972
42629
30212
16601
24703
15530
25072
30731
9444
15472
5431
14836
4893
9137
13169
15611
21161
30739
50444
53953
44062
2155
48521
54570
34995
7657
35963
24113
4518
9427
1935
23709
1035
5002
45936
36907
47567
6447
9774
380
4047
41863
51623
43015
8261
44265
51036
8125
36807
2258
24672
17812
35183
35269
5281
19646
4194
23955
44749
33960
4424
53369
26241
6399
7233
14124
8847
37628
53204
38855
19000
43554
48187
53131
1934
16400
6002
3481
33710
45505
46807
15202
41221
45424
31236
21971
28857
38647
49961
25390
39960
51278
5642
8549
40872
11478
21187
32659
47644
53330
19722
1965
41365
36705
27219
8376
16301
40422
25953
6327
43134
46660
45423
36058
26698
29858
43523
4231
54056
31024
13654
47751
19828
24132
4252
7011
19242
37076
21033
27443
47931
16177
53287
19372
30358
52946
22555
21251
33295
10566
18351
32947
15832
24396
17331
33854
36142
37825
45394
14589
4346
10878
15027
36353
18058
42504
46785
15559
28095
49628
8340
11775
12210
12756
53015
8683
53257
34041
52484
52891
4064
40526
45264
28447
8630
39818
659
52260
35593
24219
10448
46235
9612
6039
40308
38305
4025
9743
2979
25600
51663
163
5051
26269
14966
44936
1838
41200
18758
29823
33718
43279
50063
12586
15241
8498
37651
40668
53268
42713
44921
43868
37283
862
44859
23813
48083
40317
50798
2970
19209
40291
46402
47783
52006
22617
46661
32296
1127
34816
5791
49121
37096
14806
37420
54213
8514
968
52266
43391
28420
13359
27614
42103
6890
27298
13124
24639
40930
13254
9538
31316
11099
46089
49013
15093
31063
5724
21768
2715
7570
21192
30247
46553
40982
34368
44309
38023
40401
35063
20775
30665
27971
35342
29868
30810
2205
26352
31528
37803
38351
35521
4975
44534
17423
26575
599
15455
35453
39176
24260
35817
32919
25937
40750
18347
53607
47850
12012
38449
30535
41693
30778
8596
19702
36354
51288
22917
46119
32483
46360
800
25004
26332
40584
24877
33835
51715
35439
38094
13788
22811
54469
38682
23337
27061
2367
44094
50911
51920
27710
1640
15897
27133
30439
37994
45799
12243
46132
12918
2464
51797
52288
27280
27308
49358
28603
35240
54111
47147
52857
45221
8075
12838
21589
51263
19143
21771
32092
35765
11045
51294
14074
29261
48382
52843
4709
43884
27039
14020
31974
19274
45613
31586
38697
27672
48986
8559
17963
22383
29835
7552
24952
32616
1642
39545
39641
23803
47309
48015
24815
1172
8293
21315
8331
17966
24781
27533
38591
7446
5081
43676
38878
34374
43412
19204
8473
21442
6339
10373
19217
47231
48198
29066
33794
14662
46603
36267
44738
18479
15620
22920
29894
20059
8432
39568
45742
4947
32608
15575
21067
48329
52649
44748
39243
44509
33894
3173
28816
12974
25547
30007
19091
11148
45132
41255
33004
34318
40436
33579
40638
50562
48884
225
14527
4726
16977
47046
54353
15248
17033
33609
39853
382
36917
235
53320
31286
49099
25615
50267
49193
44438
42150
32487
46638
34510
40218
23944
32555
43664
47584
21778
736
43197
752
17499
19994
37710
50141
23299
51232
8754
34126
32680
17676
45801
5199
22741
30392
18375
18471
23430
8698
27719
1449
48578
43903
51777
28345
28566
26506
16003
10155
17042
17201
19033
20994
35836
38359
34039
36672
4704
20967
22394
32839
33720
47483
23217
40076
35687
792
4010
26183
41757
46884
11809
23850
44951
1762
36387
4066
11120
16649
7128
26899
41212
34439
8144
14637
29874
43610
36238
40940
50487
9666
26539
50553
43622
8720
17120
25587
28496
33650
23750
47674
10508
10144
50176
50855
39478
48757
54505
2992
50665
14115
16117
768
31305
24126
35907
39081
36895
53344
19605
43999
41238
41731
53825
1531
1721
43204
10093
11336
28530
54842
3757
5883
24925
758
38136
41151
11531
20925
54658
48438
45676
18015
23393
9714
15365
20755
31438
24354
28199
40990
42783
33845
34973
52735
20340
23324
46573
28727
49418
54362
13507
12697
30359
304
18796
14237
21400
44354
33411
17244
17160
10647
52431
48354
9674
16492
21886
36293
5505
8463
33096
44929
642
39523
16336
37534
7939
53836
39840
24514
35655
11663
31032
25563
28699
49477
39651
27623
48845
20502
33560
34267
54736
43536
9138
35782
43813
8871
17793
46383
11769
21528
10245
12948
26977
42269
44603
4766
46417
13465
29113
33302
23038
26086
22189
14849
38524
17511
44458
19185
25873
30771
8942
34745
7449
50737
52317
17314
21902
50166
51052
47691
21602
11692
50864
5141
16789
12135
29000
36482
47862
17050
31517
12885
22487
31463
908
51419
39987
1626
15823
9888
5710
20655
33926
35825
32169
46622
28730
30003
23724
36844
3573
22910
47115
16990
47611
51637
29574
26169
42013
21649
8802
50955
34228
49493
53186
21349
38151
24345
261
10099
42303
585
17133
24618
29133
18465
32463
41568
15235
33721
632
28630
15261
49640
21382
32902
4444
16667
14268
23092
7047
8491
46790
5622
23251
17010
51378
1350
42577
47296
51943
53588
16423
41230
704
23807
26794
37514
39230
36589
37570
12176
34951
35090
49663
21710
24789
33731
33245
26779
25824
38031
39979
35829
12544
26013
40152
46218
53409
9448
27476
6175
41111
12829
3963
52958
280
47873
41586
3747
1960
33834
35384
7534
35091
2936
12340
36681
49524
39470
20285
43984
6896
44615
6255
24824
14385
35847
44773
48403
31456
41260
24360
19998
19919
27722
33435
28894
50390
5639
32256
103
19446
23238
29425
2869
50705
31509
9286
28344
27773
6841
38538
43653
42539
8189
26532
29782
9770
17246
21055
39277
23800
6925
11632
5763
49407
25404
2
28235
52071
1559
33171
8401
27201
53563
32615
36248
1408
20111
2355
11862
27951
22146
20844
3077
34519
12414
40623
16832
27465
38483
47110
1912
41285
6817
17763
36481
12259
54649
47722
17777
22999
47328
495
50091
9398
27258
38614
13648
15712
36561
12748
42500
54126
35890
43499
45721
8950
11191
30655
43684
25680
11928
16920
41548
19288
17571
24114
24191
23468
33635
8539
44037
2987
13687
20033
34785
4511
1834
31051
18113
14760
36471
23170
34659
45974
2615
4699
11071
2619
48092
17363
43786
52830
11434
35594
51359
31887
9197
42528
16264
49504
7413
31752
39914
42213
740
9168
10342
27653
43938
54820
12437
32756
446
10941
12464
34369
36469
42083
18878
6106
26606
44786
3692
40318
43234
1927
28187
53312
36097
6861
10383
37183
48517
1022
50478
3388
10738
36728
9202
601
4925
2060
2432
48301
1111
39681
12035
853
33036
16289
3690
11929
32271
14287
43741
51686
28209
12281
27398
16724
19089
22351
25291
37609
30829
33190
6090
32321
39302
12997
28248
2806
51384
38702
48194
45949
14474
45910
5169
30889
36009
24429
26022
40787
41559
27055
52049
45381
17582
27498
20910
49777
23204
45157
48282
29194
22548
28842
38439
11110
9495
47285
29416
37352
15131
12881
30382
3717
24313
49513
27577
10414
9828
40221
14720
11857
31899
41376
49990
3997
48810
47537
7980
31296
40011
10608
28909
40891
37020
51299
31404
21133
36346
25003
39941
53671
22207
54251
39103
22780
41268
23435
29436
37670
48898
36743
2471
13135
25607
29763
13324
18788
23121
39388
6771
9043
44032
47393
32139
52598
6128
27871
4154
45517
23270
18199
37662
43225
5217
10488
40118
16763
49730
31233
13499
17189
54285
51269
16012
48016
37237
8825
35311
8319
33184
17667
7270
27538
1685
6938
50290
38668
31256
32025
45947
2904
46534
13189
31737
26731
2475
34118
27821
47796
50543
6825
45774
49746
51355
38243
14676
31372
2496
15475
19228
49374
4370
3988
13754
32345
18691
31355
2117
54029
44883
17744
23284
40379
31682
12857
21676
51153
39132
38277
50
42576
2876
47073
49559
26308
26391
32241
40400
20314
33803
44414
15356
15403
7221
1620
19768
25152
20432
48767
26701
4587
38990
25421
43968
9973
24825
11820
12811
4170
36013
33762
35250
43570
52211
52654
32410
9335
47265
44980
26573
48276
40955
47972
37895
47103
12915
44149
33698
23649
28176
16313
16329
40067
47039
426
40936
17562
18782
7354
30138
42135
7775
21052
50027
33886
40332
30394
12594
11653
546
35005
53643
2072
18397
9603
41721
4817
42181
1528
38733
5004
52812
32861
42592
550
1822
34193
28614
42280
7092
36706
53335
54613
53907
11491
39869
44751
27242
35525
54706
15842
37644
1543
21682
40646
5933
1009
33647
41308
48868
25522
53417
52696
15524
42603
13093
28486
21537
16534
38604
50110
25968
20859
53198
4143
9780
10213
22338
11450
22693
44973
50012
49462
8296
28391
13678
44902
47091
49890
42423
21085
34186
54
49453
16624
2309
38448
7921
27848
48514
52328
375
46625
30067
27541
29547
45319
29456
15345
35340
34409
12874
7375
295
43762
30151
6933
51596
8884
36420
9384
44609
28280
44795
32719
15275
11866
40340
38820
2047
26101
11787
52446
54295
40781
37217
7500
49473
34939
35431
39335
1161
29503
17199
22894
22214
48122
30482
8475
43219
34279
23769
39181
50374
44683
37693
29778
2609
31625
48336
5847
51170
53766
24599
36475
11911
24744
4927
3641
27377
3533
3253
43455
48607
10072
9907
15576
39553
7358
53893
2672
25394
15218
40705
16325
19045
24563
12289
16162
48849
49263
8813
17611
48004
44670
19843
914
5528
53868
36788
7
38917
41310
54657
17859
23844
42119
11573
12720
8018
47781
11085
44561
43187
50049
50783
5278
34653
50021
39770
2734
25270
35877
155
9602
37354
6692
22266
53031
54325
8615
2485
18752
48659
11481
12247
45103
24800
49236
31326
45080
38658
31001
35908
4755
52262
25923
7139
31061
25755
6212
43470
16469
53480
9815
19254
31829
3003
3681
53159
24653
17838
13211
3560
33904
46705
1480
6602
32542
54589
41729
18928
39969
41064
52437
53055
15074
20885
46688
53932
29769
28987
36981
49409
23578
47244
7675
32785
1416
10396
18670
26884
39808
12847
24064
26932
1471
24154
12257
16114
38707
1717
556
10578
29326
53239
41430
35099
39066
31609
35858
22654
32067
7437
24063
48624
21943
34538
24107
12366
50608
1269
48895
32581
7341
51667
47529
40486
5573
23777
9748
28742
15681
45387
36814
46646
2860
21296
16866
21656
6814
16127
2565
19055
13023
17677
52445
9433
20792
20268
41674
48597
12440
28032
24993
17856
52573
53613
25106
26134
45122
3162
30014
42294
43533
38832
33194
40960
46390
13318
52759
37830
42661
13888
39220
50530
54271
15033
13831
13362
14434
167
15327
48960
24961
4417
31668
36549
46815
15040
33285
579
22609
49871
53685
3887
32855
12137
27208
45489
23151
6919
31499
958
9312
47728
22424
30493
39481
18102
50185
22433
6097
21714
1415
26250
30860
2676
47342
42705
37025
51497
7388
35934
40965
44967
34133
34648
27309
44809
20372
45692
45487
53923
14903
35045
12530
33570
35944
3651
25818
31323
44979
2495
53801
1986
27778
23379
6534
13979
19599
33563
32448
755
35038
29231
16816
11323
49942
14840
28356
1558
8762
15967
1992
8349
3746
27333
36030
22101
9328
13379
42089
49128
50569
53030
3371
37461
51722
26323
25160
47462
29733
23858
24887
48676
9954
27961
47000
1687
52497
17490
29552
53154
17235
4613
23708
26054
37925
50626
54740
2315
21935
28879
47456
50985
40430
50353
28808
26758
53165
48188
24093
25580
28305
40904
47648
44580
46897
24798
8246
36985
11244
47994
18611
7624
20538
36463
7260
25652
29865
27764
28375
52238
23794
10029
50196
37268
43092
46051
6285
41713
44315
46522
26665
50125
27160
42943
1660
42682
37220
15108
29826
39213
42372
38561
8571
48087
8771
1473
13879
5268
41776
13476
50043
2831
24129
36220
14244
6801
10682
3453
9644
25714
15759
31309
45905
14175
30729
48627
45360
50236
7840
48874
14999
23595
28645
3204
20733
15176
31662
11603
43309
13580
32051
5429
32403
24511
47903
23574
42972
18845
3592
51475
47356
24863
51738
22345
19977
45232
8364
16214
19486
36906
37827
13811
6860
16684
18603
46848
654
15694
11615
23103
4374
33625
18177
35417
29841
7432
16443
31324
26450
50838
31953
31645
14486
34883
6666
19116
41499
30754
36211
3301
38567
21690
11221
26763
39954
36666
14578
21567
26458
9231
10154
33218
46955
31870
45756
22970
23716
35173
4680
14484
25344
20596
22222
46063
39295
6362
44844
7898
6099
9804
54690
16806
23442
23063
37335
3318
8003
53690
31799
16784
24694
17337
33890
5385
9881
52874
51679
30435
11990
27709
48919
25119
23535
17084
6592
40022
22903
26267
32181
21106
50258
14536
17872
7383
11766
37027
1370
21451
26233
31166
48020
4095
41454
45042
36258
4789
1374
2763
23345
24585
39353
22311
13228
30042
41171
39663
20572
9675
34158
46614
25359
31278
51831
9647
11541
39267
39479
6713
17645
49072
24281
20276
46176
48929
1989
11219
17589
13011
20091
53037
9530
32011
39088
4572
19667
35995
30089
24621
34731
27087
53180
50336
54641
24702
15929
40632
18774
39135
29873
29904
47959
30472
5060
9983
44461
30352
14362
19088
17473
12497
520
22700
44392
22939
14199
43975
19040
39759
4943
4278
31880
45493
13845
17373
15538
10556
50657
15122
21427
50321
31227
29706
31837
24371
10218
13291
45638
10798
43367
17625
30514
23886
12380
18900
39689
45166
2506
1277
45333
12378
54769
54258
30419
24087
37982
47837
32475
12908
40656
42241
4636
52460
10042
19081
21463
52254
39594
24117
27484
40180
4265
33072
15675
38419
45630
16357
37542
10871
10793
20938
8235
25370
52680
49438
12716
33331
5658
7398
34464
37953
545
616
35288
22533
16058
42786
326
20582
25045
40454
38286
36333
27940
48894
45398
12982
15229
34903
30604
38174
49022
16418
53458
45747
7690
237
19834
41191
40364
13922
21061
30064
19494
42748
50225
42437
39333
36110
41528
31560
2361
7251
38491
6554
40132
10019
52606
7808
44274
49732
14657
10253
33098
38944
22294
22022
29175
32408
50193
15318
52987
25442
36688
54297
38795
1239
51029
31038
12303
18368
4593
7298
33970
42891
29370
28335
31029
42729
47145
6655
3934
19789
49491
25413
36881
38566
54728
41065
32808
33177
11836
20023
43671
41595
6480
54786
6964
14494
32184
16087
36605
30977
27603
11941
12141
50137
40476
26662
47424
8047
23727
8128
12638
19261
22453
38579
41572
13994
44763
13982
43068
10964
47227
19411
37106
38016
18388
36603
36283
44452
53378
54024
9963
20407
24761
42431
53056
32324
24944
25113
13802
26059
43046
25591
29989
17108
12691
52400
27869
40096
49850
26966
14601
11241
12251
17901
26108
23057
46821
8363
9852
33115
18484
26553
49737
27630
42003
40337
20506
54790
15959
41080
9439
47594
15902
35448
40998
2252
2912
32901
6374
25367
16983
26547
11674
49394
25044
37675
8108
50216
23467
5241
40442
30841
126
5809
48589
35657
48411
13611
38774
22240
19307
41046
48274
29950
32371
15197
45087
42440
17144
23414
34397
36974
51273
39330
35601
49978
15374
21387
12935
29692
33979
44308
39662
16597
18495
36470
26186
37405
49616
46599
35297
44873
24030
15717
22251
28314
31398
20972
48298
26590
9006
27109
40035
26727
28157
10123
29285
36849
53775
32336
46878
48976
1814
5025
20100
54211
11839
11785
48077
29367
40157
43146
31657
48806
15006
7376
16506
51957
14818
42854
28633
20067
12576
33998
25028
51329
22297
44205
51430
27163
25398
10539
52796
6808
25677
37553
45162
9836
33220
45860
10440
1995
37200
49452
45992
46154
49287
25467
40974
17261
24485
31676
16740
45275
1720
3591
13161
14451
15863
34053
20961
10995
3292
17467
28312
14552
39678
20719
2353
42974
17386
9933
17986
7946
14367
16043
12279
31789
6364
19511
27679
22239
34353
26274
2981
54545
16620
23655
4555
31047
33460
11595
12682
38892
12992
769
49798
27708
48613
25782
51770
30124
5247
8202
8820
19281
49311
29539
34080
28125
46998
25213
42616
32390
52540
44487
14212
41554
9174
26009
28266
21011
25959
8765
37241
42409
3247
10151
37395
40618
39200
4887
7180
3979
11055
6731
27657
54377
4356
10246
486
33405
16933
17345
50774
51325
37580
13883
41606
3140
17178
1300
9266
26360
1737
29118
19179
42920
45521
35900
24365
13951
51483
16502
12462
46503
54617
52760
14376
9416
45281
53424
15658
18321
52383
24346
10952
18085
48434
25246
11778
8808
25068
28959
32565
33001
33619
46275
41949
764
12063
15777
17135
17954
778
16391
19518
26997
35663
52689
10235
42288
44091
29355
37904
43158
17868
13751
24532
40391
26114
51758
29471
48706
4867
12751
5031
51114
15464
49428
13709
35144
24347
30937
9133
51577
13373
36364
27650
37161
15130
31400
25005
41877
42328
36208
11501
11107
47888
51869
31777
52419
43327
40835
37880
20064
8017
33439
54370
11358
10766
7020
20868
31217
3925
17553
34491
19745
33596
34792
6571
32888
10733
52412
11830
40070
11441
44719
37992
42387
36594
41030
30667
41932
12059
36989
12882
536
23384
4955
26675
51918
1790
16152
26810
52150
52655
13401
31680
50934
19504
38923
14168
48305
49016
45727
53140
15877
26003
29122
10756
47299
2094
7306
10422
29622
