1000
3 534 4
4 419 9
14 931 9
24 1220 2
33 876 7
40 185 9
48 527 2
57 355 4
62 1320 7
69 1 5
78 546 6
86 1429 7
87 158 10
94 375 3
103 801 1
104 52 9
106 428 7
110 392 7
118 704 5
122 294 7
125 1383 5
129 1433 4
130 3 6
140 1052 1
146 1415 7
155 1074 3
156 1406 9
161 697 6
171 156 5
180 682 5
186 1241 10
192 1319 8
198 152 2
202 522 8
207 181 6
208 988 2
209 981 10
212 760 9
217 1144 5
221 933 1
229 552 9
232 971 3
238 274 5
243 19 7
250 828 7
259 628 5
267 588 2
277 329 5
287 20 4
293 1279 10
296 63 1
301 1173 5
302 543 9
311 38 2
313 501 3
318 849 5
321 200 5
325 855 1
330 1265 10
337 1326 10
340 1055 4
346 170 10
351 312 7
358 134 7
359 1051 6
366 976 9
370 953 5
378 427 9
380 101 6
383 968 4
393 1381 2
399 522 10
405 1238 4
410 1224 6
413 301 1
418 77 2
424 298 10
433 911 6
434 334 2
436 1388 10
441 417 9
442 421 6
446 247 6
453 774 6
463 1405 4
470 515 1
476 1386 1
479 762 9
486 136 10
489 308 3
493 356 7
503 435 10
513 938 8
516 629 5
522 423 8
529 1202 9
539 981 1
543 370 1
551 1271 2
553 691 5
562 978 10
563 23 3
567 304 6
569 1429 6
575 449 6
580 233 5
583 319 6
584 1040 8
592 447 6
593 732 9
597 538 10
604 806 3
614 1148 10
624 677 9
626 102 7
633 830 6
640 834 2
642 1076 9
645 1007 5
646 699 7
651 287 6
657 748 4
660 122 5
663 1025 8
666 347 4
670 494 10
676 253 6
681 1017 1
690 880 3
699 1406 2
707 787 10
716 695 6
719 636 10
725 934 1
726 668 8
728 192 2
731 153 1
741 1328 5
751 1420 6
758 462 8
766 1326 4
772 1173 5
777 1316 8
787 1172 9
793 929 10
798 403 4
806 1164 5
812 1209 1
814 1347 2
819 272 3
823 1247 8
830 583 1
836 870 2
840 86 10
848 377 9
856 858 8
866 1200 4
876 382 9
886 573 2
892 10 5
893 752 6
902 546 10
906 89 8
907 1193 7
917 540 10
920 402 6
923 1215 9
933 1049 9
943 1146 4
953 1207 6
963 346 3
969 926 8
979 316 5
989 523 3
997 1202 6
1006 302 6
1012 601 10
1018 1154 4
1019 715 3
1027 929 5
1031 171 2
1032 639 3
1035 285 8
1045 2 6
1054 316 5
1062 202 4
1065 1317 10
1070 324 7
1074 1410 8
1076 870 3
1084 996 8
1094 113 7
1097 318 3
1104 976 3
1106 1178 10
1107 434 6
1117 688 5
1121 975 3
1122 1327 8
1127 1284 4
1135 956 5
1137 1251 3
1147 268 8
1153 265 10
1159 1166 8
1160 1061 1
1169 379 1
1171 198 4
1177 447 1
1187 1364 7
1189 15 3
1199 632 10
1203 565 9
1209 140 10
1213 1414 2
1217 906 5
1224 958 6
1234 871 9
1242 37 3
1250 1043 8
1254 179 6
1261 1290 4
1269 1086 10
1276 1144 8
1281 1109 7
1284 532 1
1288 573 7
1298 623 10
1307 1331 6
1308 815 3
1310 1268 2
1313 1315 1
1319 647 1
1326 110 8
1327 1038 7
1328 843 7
1333 1123 10
1338 412 3
1341 110 5
1345 982 8
1351 916 5
1352 701 9
1355 330 4
1356 1204 4
1362 273 4
1368 330 10
1370 1268 1
1373 1025 2
1378 82 2
1381 411 4
1382 1430 2
1385 682 9
1387 671 9
1393 511 1
1398 185 3
1400 133 7
1403 1140 2
1410 1340 10
1415 768 3
1420 730 7
1421 938 5
1431 1197 3
1438 207 6
1443 879 4
1453 120 5
1457 558 3
1467 1371 2
1475 1265 2
1479 301 5
1481 67 7
1486 380 3
1495 931 3
1503 1076 5
1512 108 5
1515 1383 3
1522 518 10
1526 766 4
1531 223 5
1539 1115 9
1547 1163 6
1550 1338 1
1551 135 1
1559 261 8
1568 171 4
1573 297 8
1581 1299 9
1590 626 9
1593 1208 6
1601 1319 2
1610 651 9
1619 840 4
1620 661 6
1627 46 9
1634 581 5
1636 199 10
1640 1070 5
1643 407 4
1648 1100 2
1650 101 6
1659 367 2
1669 209 9
1675 1028 9
1676 1335 5
1677 376 6
1678 551 5
1686 75 2
1694 411 5
1697 572 1
1698 341 10
1699 1210 1
1705 1118 2
1715 286 7
1721 395 8
1724 292 3
1725 787 7
1732 1007 4
1742 619 1
1750 152 8
1755 306 2
1762 723 5
1763 1013 3
1770 449 8
1777 939 7
1782 198 3
1791 1020 10
1801 1133 4
1803 869 9
1810 358 2
1812 309 6
1816 250 8
1824 422 7
1825 628 6
1835 276 7
1837 816 10
1839 371 7
1848 289 4
1855 974 6
1864 8 1
1868 1330 2
1875 308 10
1878 366 10
1887 1357 4
1888 1012 3
1891 1070 5
1899 410 5
1904 925 7
1910 227 7
1915 1340 5
1918 747 5
1921 1375 6
1927 279 3
1928 1077 6
1936 934 3
1938 1276 2
1939 1283 6
1947 344 10
1954 1180 6
1963 399 3
1972 1109 9
1981 498 5
1991 2 2
1992 1065 9
1999 574 5
2003 687 9
2010 942 3
2011 1208 7
2021 128 6
2023 998 5
2031 723 7
2035 32 4
2045 1038 2
2047 1032 7
2049 1087 1
2050 618 5
2053 1034 1
2063 176 5
2064 873 7
2068 243 10
2069 1344 1
2077 840 1
2087 875 10
2089 405 3
2095 722 4
2104 916 7
2112 517 10
2121 171 4
2131 1255 8
2134 1321 5
2141 1234 5
2149 450 3
2150 525 4
2153 199 7
2159 393 3
2160 194 6
2169 363 4
2177 403 4
2181 542 8
2185 1377 1
2189 725 4
2198 1407 3
2205 715 9
2214 1064 10
2215 99 9
2217 625 3
2221 526 5
2222 1070 8
2223 699 1
2227 29 9
2234 952 9
2241 1304 6
2242 1213 4
2251 95 5
2259 711 4
2262 197 7
2272 190 9
2281 514 10
2283 1224 6
2288 283 7
2296 815 3
2301 962 2
2311 6 3
2319 623 6
2322 155 8
2324 1091 4
2326 1047 6
2330 73 9
2335 1374 1
2337 1052 3
2342 569 3
2351 1000 5
2354 14 8
2360 1435 6
2365 67 9
2367 923 4
2372 1106 9
2375 1039 10
2385 489 7
2387 808 8
2397 86 1
2406 500 4
2409 985 1
2414 442 1
2418 251 7
2421 100 1
2426 863 4
2428 57 3
2429 1058 7
2437 139 8
2439 1389 1
2449 339 3
2458 1294 5
2465 377 6
2466 1240 3
2475 1123 10
2480 129 10
2481 490 7
2490 483 1
2500 922 7
2503 372 7
2513 738 9
2522 692 10
2526 766 2
2529 940 8
2530 921 8
2538 413 2
2539 270 2
2546 33 1
2551 669 2
2561 1232 6
2563 863 10
2572 424 2
2578 805 7
2588 832 2
2589 1052 5
2591 643 3
2596 1417 2
2602 270 9
2603 588 10
2609 51 6
2612 52 8
2614 281 5
2621 1098 2
2627 578 1
2636 728 6
2643 657 2
2645 374 7
2653 67 1
2656 1023 2
2660 1267 10
2662 485 7
2664 23 1
2669 230 6
2671 946 9
2673 207 8
2681 1098 3
2688 632 6
2693 715 6
2694 936 1
2704 45 8
2708 982 9
2716 747 2
2726 1146 6
2736 1165 9
2739 576 10
2740 49 6
2741 1359 8
2750 1120 6
2756 353 9
2762 510 5
2770 929 8
2775 54 9
2783 1029 9
2786 1048 4
2792 953 4
2800 1421 4
2806 419 9
2814 45 4
2821 191 2
2825 67 7
2833 306 7
2843 332 3
2845 1039 9
2852 220 5
2862 107 2
2863 1171 2
2864 91 10
2872 430 8
2878 1339 7
2888 815 6
2890 1298 2
2891 1138 7
2898 257 10
2908 1166 10
2912 1134 5
2917 1286 3
2918 110 4
2926 726 10
2929 974 2
2937 917 8
2941 554 2
2948 672 2
2951 592 5
2960 150 7
2966 717 9
2967 474 2
2972 1035 7
2973 122 9
2982 641 1
2985 342 6
2993 105 1
2997 1160 6
2999 1366 5
3008 1372 10
3015 316 7
3022 24 1
3026 617 8
3031 1064 10
3035 451 5
3042 761 10
3049 576 1
3052 987 9
3056 1115 1
3062 1302 5
3066 157 7
3068 813 5
3075 355 9
3085 1005 10
3090 815 3
3098 432 10
3101 369 8
3107 1293 2
3113 600 10
3119 375 6
3126 532 10
3129 1034 5
3133 1079 4
3142 307 7
3145 459 10
3154 1439 4
3155 1158 9
3165 1215 9
3170 50 8
3175 547 3
3179 1297 9
3187 395 6
3196 651 5
3197 1091 4
3207 858 10
3211 378 5
3218 1009 7
3226 1317 8
3227 388 7
3230 287 8
3236 931 2
3240 144 7
3248 944 4
3256 139 1
3263 385 10
3264 94 3
3274 842 8
3279 94 1
3284 454 8
3288 71 5
3297 1270 8
3304 280 10
3314 550 10
3317 1389 1
3325 467 10
3332 398 4
3341 1364 5
3351 1156 9
3360 1375 1
3366 1122 8
3369 1000 2
3371 804 3
3379 480 5
3382 982 10
3390 945 6
3396 1250 5
3402 853 10
3411 1067 5
3412 815 6
3416 481 3
3423 1376 6
3432 223 5
3440 1305 7
3445 753 9
3453 414 1
3458 645 9
3460 583 2
3463 655 5
3470 1367 5
3471 718 9
3475 1324 2
3479 263 4
3488 50 7
3491 1435 9
3493 984 6
3501 15 8
3510 703 6
3514 1432 8
3520 559 2
3529 457 10
3535 660 5
3537 1158 8
3540 15 9
3547 459 10
3555 108 10
3565 30 8
3572 221 4
3580 1278 3
3585 1265 10
3586 987 4
3589 1092 7
3592 641 10
3601 526 6
3603 128 8
3611 21 9
3613 995 4
3621 1408 6
3627 1120 8
3633 479 8
3636 1124 8
3645 1159 7
3654 482 7
3658 178 5
3659 701 8
3665 284 6
3668 934 1
3678 916 10
3680 524 6
3688 118 2
3696 331 6
3700 295 5
3709 1068 2
3710 862 7
3720 1356 7
3721 632 10
3725 1342 8
3727 166 6
3729 43 5
3734 41 4
3739 1139 5
3749 36 5
3752 1030 7
3759 513 4
3769 1440 1
3778 513 3
3780 750 10
3784 1434 7
3788 131 9
3792 1228 9
3795 1289 8
3805 990 6
3815 238 10
3816 139 9
3822 1069 3
3828 579 6
3838 95 9
3839 1257 8
3841 260 10
3844 763 10
3853 734 1
3859 917 3
3866 212 2
3872 1279 6
3875 387 7
3884 374 9
3890 1049 4
3899 71 9
3901 1434 2
3911 1094 8
3918 1269 6
3925 242 4
3934 718 5
3938 625 1
3946 526 5
3953 42 3
3959 678 4
3962 880 4
3971 228 5
3980 983 9
3986 82 7
3992 3 7
4002 933 7
4003 427 9
4008 327 9
4013 1099 8
4020 54 6
4024 240 6
4033 270 1
4040 919 3
4044 720 1
4048 382 5
4056 1222 6
4059 171 8
4068 569 8
4078 900 10
4088 727 3
4089 54 10
4094 336 3
4100 194 6
4103 94 2
4108 510 6
4113 132 3
4119 1090 4
4128 1340 2
4138 193 4
4141 1204 8
4145 670 4
4148 1057 7
4157 1364 3
4158 580 3
4166 903 8
4167 185 9
4175 1209 10
4184 64 1
4188 7 8
4193 887 6
4198 457 5
4200 988 10
4201 680 9
4208 872 7
4214 916 8
4216 89 4
4220 97 4
4226 1271 10
4234 82 5
4238 406 6
4244 920 6
4247 1384 1
4250 572 10
4253 4 6
4255 254 9
4265 1430 6
4269 1013 4
4272 1190 6
4275 775 6
4276 591 10
4277 381 5
4280 1105 5
4287 1427 3
4288 1409 2
4289 1268 9
4291 1082 8
4299 203 7
4306 371 8
4308 447 2
4314 842 3
4322 746 10
4326 1136 9
4329 240 4
4330 273 9
4339 1389 8
4341 1052 9
4345 1200 6
4355 1004 4
4360 139 1
4364 1304 8
4365 957 9
4370 1143 2
4376 957 1
4381 343 2
4388 7 4
4390 690 8
4392 1330 2
4396 213 2
4397 239 4
4403 935 10
4405 1122 6
4412 597 4
4415 365 5
4422 871 4
4432 1216 4
4436 1321 5
4441 24 9
4442 933 6
4444 1275 1
4445 1204 8
4455 1403 2
4464 886 8
4467 748 3
4470 521 7
4472 692 8
4478 1043 8
4487 1182 2
4489 388 10
4499 961 6
4506 1298 5
4514 861 2
4523 776 5
4526 742 3
4532 1350 7
4540 1193 7
4548 1323 5
4552 209 9
4560 598 4
4570 992 7
4572 742 9
4582 1163 2
4589 1053 5
4599 253 5
4607 470 6
4617 517 3
4623 1239 3
4630 1284 10
4637 385 1
4641 357 3
4646 1246 9
4647 266 7
4655 637 8
4660 1115 3
4669 295 10
4676 136 7
4680 784 9
4688 62 1
4697 1052 3
4700 1199 5
4701 695 6
4708 896 2
4717 916 4
4719 1145 3
4728 754 1
4730 530 6
4731 184 2
4733 984 6
4742 206 8
4752 1201 7
4760 355 10
4766 346 4
4774 1090 3
4778 59 2
4788 336 9
4797 610 6
4804 323 8
4812 45 8
4818 473 7
4820 250 2
4829 1066 2
4836 938 4
4841 459 1
4843 170 10
4852 783 3
4859 506 10
4862 716 10
4867 15 1
4870 1234 2
4880 656 10
4883 474 9
4886 187 4
4894 504 9
4899 944 6
4908 914 5
4914 501 2
4915 528 2
4923 413 9
4932 358 5
4935 313 4
4936 535 8
4939 855 7
4945 851 9
4954 698 2
4958 899 3
4962 820 5
4967 1412 3
4976 355 8
4981 676 1
4988 1372 4
4992 206 7
4995 122 10
5004 864 4
5011 1423 6
5016 26 7
5022 475 9
5028 95 6
5034 170 8
5044 263 5
5048 1143 2
5052 483 1
5057 1339 2
5067 707 10
5076 1280 5
5082 11 2
5088 1067 3
5095 158 6
5100 361 7
5108 101 6
5114 157 2
5116 1006 3
5126 917 1
5129 1093 2
5136 905 10
5137 960 8
5146 310 2
5147 557 2
5157 696 10
5165 430 5
5169 76 10
5175 677 4
5177 544 9
5179 553 6
5188 17 1
5189 320 1
5194 92 1
5202 415 6
5205 966 3
5215 605 7
5219 965 9
5223 1117 10
5224 779 1
5225 1293 6
5226 1002 4
5231 1358 3
5238 233 4
5243 827 10
5248 555 6
5257 68 8
5259 57 4
5268 123 6
5277 214 5
5280 1126 10
5289 1292 6
5297 911 5
5306 1356 4
5316 1157 7
5321 949 2
5324 192 2
5325 966 8
5329 627 2
5331 172 5
5337 1346 4
5345 697 10
5346 401 4
5352 1410 9
5355 1145 4
5365 469 1
5370 1243 9
5377 1277 5
5386 901 10
5389 1261 2
5393 379 8
5401 191 5
5404 292 6
5410 279 4
5411 344 2
5412 378 8
5413 723 2
5415 868 7
5425 1413 10
5429 82 5
5434 557 4
5440 1012 7
5444 1133 7
5449 1035 6
5456 1165 9
5458 398 5
5464 1145 1
5466 993 1
5475 713 6
5482 662 1
