4089
5169
840
2864
3555
4995
2480
486
1209
87
346
4843
1636
3815
2068
2898
3841
1153
3304
4669
424
1875
1368
1698
1947
4760
1878
3263
4489
3098
503
3529
3145
3547
3325
670
4859
2281
2112
1522
399
3126
597
917
902
3314
4250
2739
2603
4276
3113
1012
1298
1199
3721
719
3592
4880
2522
5157
5345
5067
4862
2926
4322
3780
3042
3844
707
1837
5243
3402
3207
2563
2087
4078
5386
5136
3678
793
4403
562
209
3382
4200
3085
1791
2375
2214
3031
1269
5223
1333
2475
5280
614
2908
1106
4175
186
330
3585
2660
4226
293
4630
1065
337
1410
3008
436
5425
3540
3611
4441
2227
1627
104
2775
2365
3899
2330
3838
2215
2973
3788
3816
40
4167
2272
1669
4552
4255
2602
4330
4008
4788
2756
3075
3884
848
876
4923
441
4
2806
378
4003
4883
5022
4894
302
5177
229
1203
1590
3458
1610
1387
624
4201
1385
2003
1352
2205
2966
3471
593
2513
4572
3445
212
479
4680
4945
1803
1234
14
2671
2234
4365
5219
366
2708
3980
3052
1675
2783
2845
933
4341
1992
642
2372
1972
1539
4326
3351
3155
2736
5456
787
529
923
3165
3792
5370
4646
4289
3179
1581
156
5352
3491
4188
2354
3501
3565
2704
4812
3170
2612
5257
906
1326
3603
2437
1750
2322
5034
4059
4742
2673
1816
1559
1147
1035
3230
1573
4804
4976
3101
4306
5412
5393
1721
522
2872
1770
3284
758
3633
202
4936
2181
4068
3026
4655
726
4390
4472
3659
2387
3274
856
4464
4166
4214
2937
2530
969
2770
513
2529
5137
5325
1345
1084
663
584
1250
4478
2222
4291
3911
4013
3627
3366
3636
1276
3537
1159
4141
4445
823
2131
3839
3297
3795
4364
777
3226
192
1122
3725
2741
4339
1074
3514
3992
243
5016
3488
1481
2825
3986
626
1094
1400
358
4676
3240
2960
3066
2262
2153
4299
4992
1910
2418
4647
1835
2288
1715
122
2833
3142
351
3015
1070
493
5100
1839
2503
2645
3875
3227
110
1824
106
4818
3654
2662
2385
2481
4470
1288
5215
646
2031
1420
1725
2578
250
1328
4939
3710
5415
4208
2064
33
2104
2500
1904
4002
1777
4570
3218
5440
3752
2047
2972
1327
4148
2429
3589
1281
5444
2891
5316
3645
907
4540
4752
2011
3440
62
2878
4532
3720
1187
146
86
3784
1045
130
4253
2740
2609
4020
5028
380
1650
5108
5268
2021
5095
3727
1254
207
2160
4100
1438
2669
4024
446
676
3665
651
5404
1006
567
1812
583
3696
2985
3119
1677
2465
3187
920
4238
5202
442
1107
592
575
4607
4108
3680
3601
4730
78
5179
5248
3828
4797
2319
1825
2688
1620
716
4701
161
3510
5475
2693
2636
893
453
4275
2888
3412
633
4193
433
4244
4442
4899
3390
1224
4499
1855
3493
4733
3805
5449
2326
359
1928
2750
4405
2726
2997
1547
1954
4272
4345
997
953
1593
4056
410
2283
2561
3918
3872
1939
5289
5225
2241
1307
1921
3423
3621
751
5011
569
4265
2360
69
892
3749
3729
3288
4234
5429
2251
1512
1341
1453
660
171
5331
2063
3658
5401
321
5277
2852
1531
3432
3971
580
4599
5044
238
2614
3700
1479
979
1054
277
4932
4415
3211
4277
4048
5458
1899
1694
5165
3035
4198
3379
1981
2762
2221
3946
1678
1999
1634
2951
2050
259
516
3196
3463
3535
180
1117
553
118
3934
1762
1918
4523
3068
4962
318
1217
5297
4908
1351
1027
1421
370
1135
2023
2351
645
3129
2589
4589
3411
1640
1891
1503
4280
2912
3739
217
806
301
772
4700
2141
3396
5377
5076
2458
4506
3062
2134
4436
4548
741
1676
1915
3341
2999
3470
125
4388
287
2035
3734
2814
5259
4216
4220
2918
1568
2121
4886
4138
1171
1062
3572
5238
4397
4329
3925
3479
1362
5410
1848
4935
1355
4766
666
57
2169
3332
5346
798
2177
1643
1381
2406
3759
2150
3
5434
4412
4560
4145
5175
3959
2259
2095
2189
657
1526
1619
2426
5004
4422
1443
3962
4717
2367
4836
3248
2792
383
3586
3613
5226
4355
1732
4269
2786
3890
340
3133
4119
2324
3197
1801
5355
943
1018
866
1356
2242
4432
405
1127
1261
766
5337
5306
1887
4988
463
2800
129
3154
2311
1189
563
1242
3953
2428
3264
4113
1398
1782
819
1927
1724
489
1097
2843
4094
2449
963
4641
94
1486
2159
1963
2089
1338
2149
3416
313
3778
4617
989
3175
1457
2342
4158
2217
1032
2591
1019
4088
4526
4467
1415
4852
3371
604
1308
2296
3090
4314
1076
690
4958
3859
4040
1495
1936
2010
5205
232
1121
1104
5116
1888
1763
2337
4697
5088
3822
155
4774
2681
4660
4719
1431
4623
2466
1137
3580
2917
5231
4157
1515
2198
4967
4287
1991
5082
311
4778
1686
418
1378
4103
2862
3688
198
5114
1031
4731
2821
728
5324
3866
4396
4820
2539
1755
5146
434
4381
5411
1810
1659
2538
2572
4308
2967
4914
48
4915
2941
5147
3520
886
3460
267
5329
2643
2551
2948
4954
5413
2716
2526
2588
640
4514
836
4708
3236
5321
2301
2929
208
3369
2656
1373
2045
4829
3709
5129
2621
1648
1705
1403
4370
5048
4582
2863
4487
24
4870
5389
1475
1310
551
1938
3107
2890
1601
3475
1868
4392
5057
4128
814
1467
393
4455
699
4288
1213
2596
1382
3901
1864
4867
5188
2664
3022
2546
4688
296
4184
2653
2397
5194
3279
2421
2993
1551
3256
4360
731
4033
413
5189
543
1169
4637
3453
2414
1177
4841
5365
2490
5052
1393
470
1284
1697
3049
2627
830
1742
3938
2982
1319
5482
4981
2223
4044
3853
4728
5224
103
2077
325
5126
221
725
3668
2694
4376
539
2409
5466
681
2053
140
1160
2049
3056
5464
812
1699
1370
4444
1313
1550
2069
2335
3360
2185
4247
476
2439
3317
3769
